469.055	993.000
469.037	994.000
469.018	989.000
468.999	996.000
468.980	992.000
468.962	990.000
468.943	995.000
468.924	998.000
468.906	998.000
468.887	990.000
468.868	1001.000
468.849	996.000
468.831	990.000
468.812	992.000
468.793	988.000
468.774	990.000
468.756	1002.000
468.737	991.000
468.718	985.000
468.700	995.000
468.681	995.000
468.662	987.000
468.643	981.000
468.625	994.000
468.606	990.000
468.587	994.000
468.568	994.000
468.550	994.000
468.531	995.000
468.512	1001.000
468.493	994.000
468.475	986.000
468.456	996.000
468.437	988.000
468.419	988.000
468.400	997.000
468.381	989.000
468.362	996.000
468.344	987.000
468.325	989.000
468.306	994.000
468.287	984.000
468.269	988.000
468.250	994.000
468.231	992.000
468.212	993.000
468.194	997.000
468.175	994.000
468.156	992.000
468.137	993.000
468.119	994.000
468.100	995.000
468.081	1001.000
468.063	997.000
468.044	1005.000
468.025	991.000
468.006	989.000
467.988	988.000
467.969	1005.000
467.950	1001.000
467.931	1000.000
467.913	1005.000
467.894	1002.000
467.875	1020.000
467.856	1027.000
467.838	1031.000
467.819	1050.000
467.800	1049.000
467.781	1024.000
467.763	1027.000
467.744	1015.000
467.725	1019.000
467.706	1012.000
467.688	1017.000
467.669	996.000
467.650	1002.000
467.631	1005.000
467.613	1006.000
467.594	1007.000
467.575	1000.000
467.556	1001.000
467.538	1006.000
467.519	991.000
467.500	1000.000
467.481	1003.000
467.463	998.000
467.444	999.000
467.425	1008.000
467.406	999.000
467.388	1000.000
467.369	993.000
467.350	999.000
467.331	1001.000
467.313	1001.000
467.294	1000.000
467.275	997.000
467.256	1007.000
467.238	1001.000
467.219	993.000
467.200	1012.000
467.181	1010.000
467.163	1001.000
467.144	995.000
467.125	998.000
467.106	998.000
467.088	994.000
467.069	1007.000
467.050	996.000
467.031	998.000
467.012	1006.000
466.994	998.000
466.975	1002.000
466.956	1004.000
466.937	1012.000
466.919	1000.000
466.900	1005.000
466.881	1004.000
466.862	989.000
466.844	991.000
466.825	1002.000
466.806	1008.000
466.787	1000.000
466.769	999.000
466.750	997.000
466.731	1000.000
466.712	1004.000
466.694	1013.000
466.675	1004.000
466.656	1002.000
466.637	1006.000
466.618	999.000
466.600	1008.000
466.581	1002.000
466.562	1014.000
466.543	1002.000
466.525	1000.000
466.506	1003.000
466.487	999.000
466.468	1010.000
466.450	999.000
466.431	1000.000
466.412	1010.000
466.393	1008.000
466.374	996.000
466.356	1002.000
466.337	1008.000
466.318	1000.000
466.299	1000.000
466.281	1009.000
466.262	1009.000
466.243	1011.000
466.224	1006.000
466.205	1007.000
466.187	1012.000
466.168	1005.000
466.149	993.000
466.130	1003.000
466.112	1005.000
466.093	1013.000
466.074	1016.000
466.055	1009.000
466.037	1011.000
466.018	1004.000
465.999	1019.000
465.980	1018.000
465.961	1008.000
465.943	1011.000
465.924	1008.000
465.905	999.000
465.886	1010.000
465.868	1000.000
465.849	1006.000
465.830	1002.000
465.811	1010.000
465.792	1011.000
465.774	1013.000
465.755	1010.000
465.736	1009.000
465.717	1003.000
465.698	1020.000
465.680	1008.000
465.661	1003.000
465.642	999.000
465.623	1014.000
465.605	1008.000
465.586	1017.000
465.567	1003.000
465.548	1014.000
465.529	1010.000
465.511	1009.000
465.492	1000.000
465.473	1012.000
465.454	1019.000
465.435	1010.000
465.417	1016.000
465.398	1002.000
465.379	1010.000
465.360	1016.000
465.342	1019.000
465.323	1032.000
465.304	1020.000
465.285	1019.000
465.266	1010.000
465.248	1010.000
465.229	1010.000
465.210	1017.000
465.191	1016.000
465.172	1014.000
465.154	1010.000
465.135	1023.000
465.116	1012.000
465.097	1019.000
465.078	1020.000
465.060	1017.000
465.041	1011.000
465.022	1019.000
465.003	1013.000
464.984	1009.000
464.966	1026.000
464.947	1028.000
464.928	1020.000
464.909	1017.000
464.890	1016.000
464.872	1013.000
464.853	1017.000
464.834	1015.000
464.815	1024.000
464.796	1024.000
464.778	1006.000
464.759	1023.000
464.740	1019.000
464.721	1020.000
464.702	1012.000
464.684	1027.000
464.665	1012.000
464.646	1023.000
464.627	1005.000
464.608	1021.000
464.590	1022.000
464.571	1023.000
464.552	1026.000
464.533	1017.000
464.514	1011.000
464.496	1022.000
464.477	1028.000
464.458	1018.000
464.439	1015.000
464.420	1016.000
464.402	1024.000
464.383	1031.000
464.364	1024.000
464.345	1030.000
464.326	1017.000
464.308	1017.000
464.289	1027.000
464.270	1026.000
464.251	1023.000
464.232	1017.000
464.214	1023.000
464.195	1036.000
464.176	1023.000
464.157	1036.000
464.138	1027.000
464.120	1023.000
464.101	1026.000
464.082	1019.000
464.063	1022.000
464.044	1031.000
464.025	1042.000
464.007	1024.000
463.988	1016.000
463.969	1016.000
463.950	1030.000
463.931	1030.000
463.913	1021.000
463.894	1024.000
463.875	1026.000
463.856	1028.000
463.837	1032.000
463.819	1027.000
463.800	1031.000
463.781	1031.000
463.762	1028.000
463.743	1034.000
463.724	1020.000
463.706	1033.000
463.687	1033.000
463.668	1031.000
463.649	1039.000
463.630	1022.000
463.612	1029.000
463.593	1038.000
463.574	1034.000
463.555	1037.000
463.536	1025.000
463.517	1027.000
463.499	1033.000
463.480	1026.000
463.461	1041.000
463.442	1035.000
463.423	1036.000
463.404	1028.000
463.386	1024.000
463.367	1039.000
463.348	1034.000
463.329	1034.000
463.310	1027.000
463.292	1034.000
463.273	1030.000
463.254	1044.000
463.235	1033.000
463.216	1037.000
463.197	1032.000
463.179	1045.000
463.160	1036.000
463.141	1035.000
463.122	1031.000
463.103	1041.000
463.084	1033.000
463.066	1033.000
463.047	1037.000
463.028	1040.000
463.009	1038.000
462.990	1043.000
462.971	1042.000
462.953	1027.000
462.934	1045.000
462.915	1047.000
462.896	1044.000
462.877	1035.000
462.858	1039.000
462.840	1033.000
462.821	1038.000
462.802	1036.000
462.783	1042.000
462.764	1032.000
462.745	1039.000
462.727	1034.000
462.708	1039.000
462.689	1037.000
462.670	1044.000
462.651	1044.000
462.632	1054.000
462.614	1051.000
462.595	1038.000
462.576	1035.000
462.557	1040.000
462.538	1046.000
462.519	1044.000
462.501	1044.000
462.482	1043.000
462.463	1043.000
462.444	1041.000
462.425	1044.000
462.406	1046.000
462.388	1044.000
462.369	1048.000
462.350	1054.000
462.331	1049.000
462.312	1050.000
462.293	1038.000
462.274	1052.000
462.256	1049.000
462.237	1062.000
462.218	1056.000
462.199	1048.000
462.180	1050.000
462.161	1062.000
462.143	1052.000
462.124	1055.000
462.105	1056.000
462.086	1056.000
462.067	1063.000
462.048	1062.000
462.029	1062.000
462.011	1083.000
461.992	1085.000
461.973	1088.000
461.954	1110.000
461.935	1118.000
461.916	1150.000
461.898	1145.000
461.879	1130.000
461.860	1129.000
461.841	1114.000
461.822	1107.000
461.803	1098.000
461.784	1075.000
461.766	1069.000
461.747	1081.000
461.728	1067.000
461.709	1071.000
461.690	1060.000
461.671	1058.000
461.652	1056.000
461.634	1051.000
461.615	1058.000
461.596	1044.000
461.577	1078.000
461.558	1067.000
461.539	1054.000
461.521	1051.000
461.502	1059.000
461.483	1049.000
461.464	1051.000
461.445	1064.000
461.426	1056.000
461.407	1051.000
461.389	1078.000
461.370	1053.000
461.351	1063.000
461.332	1053.000
461.313	1065.000
461.294	1058.000
461.275	1067.000
461.256	1059.000
461.238	1052.000
461.219	1050.000
461.200	1074.000
461.181	1062.000
461.162	1066.000
461.143	1056.000
461.124	1072.000
461.106	1069.000
461.087	1067.000
461.068	1065.000
461.049	1060.000
461.030	1063.000
461.011	1056.000
460.992	1056.000
460.974	1055.000
460.955	1068.000
460.936	1066.000
460.917	1056.000
460.898	1064.000
460.879	1056.000
460.860	1072.000
460.841	1076.000
460.823	1064.000
460.804	1076.000
460.785	1063.000
460.766	1066.000
460.747	1074.000
460.728	1070.000
460.709	1059.000
460.691	1056.000
460.672	1078.000
460.653	1075.000
460.634	1079.000
460.615	1077.000
460.596	1069.000
460.577	1070.000
460.558	1071.000
460.540	1079.000
460.521	1110.000
460.502	1075.000
460.483	1060.000
460.464	1082.000
460.445	1071.000
460.426	1070.000
460.407	1072.000
460.389	1071.000
460.370	1066.000
460.351	1071.000
460.332	1070.000
460.313	1054.000
460.294	1077.000
460.275	1059.000
460.256	1071.000
460.238	1074.000
460.219	1078.000
460.200	1075.000
460.181	1074.000
460.162	1067.000
460.143	1078.000
460.124	1078.000
460.105	1089.000
460.087	1071.000
460.068	1072.000
460.049	1074.000
460.030	1089.000
460.011	1075.000
459.992	1083.000
459.973	1078.000
459.954	1076.000
459.935	1073.000
459.917	1073.000
459.898	1072.000
459.879	1064.000
459.860	1089.000
459.841	1088.000
459.822	1072.000
459.803	1076.000
459.784	1091.000
459.766	1083.000
459.747	1074.000
459.728	1076.000
459.709	1082.000
459.690	1089.000
459.671	1078.000
459.652	1086.000
459.633	1065.000
459.614	1086.000
459.596	1097.000
459.577	1082.000
459.558	1081.000
459.539	1090.000
459.520	1085.000
459.501	1093.000
459.482	1095.000
459.463	1088.000
459.444	1096.000
459.426	1085.000
459.407	1084.000
459.388	1093.000
459.369	1089.000
459.350	1095.000
459.331	1110.000
459.312	1073.000
459.293	1089.000
459.274	1088.000
459.255	1084.000
459.237	1098.000
459.218	1088.000
459.199	1096.000
459.180	1103.000
459.161	1098.000
459.142	1100.000
459.123	1098.000
459.104	1090.000
459.085	1093.000
459.067	1095.000
459.048	1107.000
459.029	1100.000
459.010	1078.000
458.991	1077.000
458.972	1082.000
458.953	1100.000
458.934	1098.000
458.915	1094.000
458.896	1091.000
458.878	1092.000
458.859	1096.000
458.840	1093.000
458.821	1092.000
458.802	1107.000
458.783	1100.000
458.764	1090.000
458.745	1093.000
458.726	1094.000
458.707	1103.000
458.688	1113.000
458.670	1105.000
458.651	1111.000
458.632	1092.000
458.613	1112.000
458.594	1103.000
458.575	1123.000
458.556	1134.000
458.537	1112.000
458.518	1106.000
458.499	1107.000
458.481	1111.000
458.462	1119.000
458.443	1104.000
458.424	1111.000
458.405	1112.000
458.386	1105.000
458.367	1141.000
458.348	1104.000
458.329	1107.000
458.310	1112.000
458.291	1107.000
458.273	1111.000
458.254	1123.000
458.235	1117.000
458.216	1084.000
458.197	1099.000
458.178	1123.000
458.159	1123.000
458.140	1103.000
458.121	1125.000
458.102	1122.000
458.083	1127.000
458.064	1133.000
458.046	1119.000
458.027	1107.000
458.008	1117.000
457.989	1110.000
457.970	1110.000
457.951	1133.000
457.932	1116.000
457.913	1123.000
457.894	1144.000
457.875	1114.000
457.856	1107.000
457.837	1151.000
457.819	1119.000
457.800	1127.000
457.781	1134.000
457.762	1118.000
457.743	1133.000
457.724	1114.000
457.705	1134.000
457.686	1116.000
457.667	1122.000
457.648	1132.000
457.629	1122.000
457.610	1132.000
457.591	1148.000
457.573	1408.000
457.554	1153.000
457.535	1137.000
457.516	1155.000
457.497	1137.000
457.478	1132.000
457.459	1135.000
457.440	1140.000
457.421	1134.000
457.402	1128.000
457.383	1127.000
457.364	1118.000
457.345	1128.000
457.327	1127.000
457.308	1128.000
457.289	1143.000
457.270	1143.000
457.251	1140.000
457.232	1131.000
457.213	1141.000
457.194	1136.000
457.175	1133.000
457.156	1131.000
457.137	1144.000
457.118	1148.000
457.099	1151.000
457.080	1145.000
457.062	1164.000
457.043	1143.000
457.024	1141.000
457.005	1143.000
456.986	1139.000
456.967	1159.000
456.948	1153.000
456.929	1152.000
456.910	1137.000
456.891	1132.000
456.872	1138.000
456.853	1143.000
456.834	1149.000
456.815	1160.000
456.796	1146.000
456.778	1162.000
456.759	1142.000
456.740	1157.000
456.721	1150.000
456.702	1156.000
456.683	1148.000
456.664	1176.000
456.645	1184.000
456.626	1158.000
456.607	1140.000
456.588	1165.000
456.569	1157.000
456.550	1159.000
456.531	1155.000
456.512	1165.000
456.493	1165.000
456.474	1170.000
456.456	1181.000
456.437	1173.000
456.418	1167.000
456.399	1138.000
456.380	1161.000
456.361	1172.000
456.342	1166.000
456.323	1173.000
456.304	1173.000
456.285	1171.000
456.266	1152.000
456.247	1176.000
456.228	1178.000
456.209	1163.000
456.190	1175.000
456.171	1172.000
456.152	1171.000
456.133	1161.000
456.115	1164.000
456.096	1187.000
456.077	1184.000
456.058	1184.000
456.039	1196.000
456.020	1186.000
456.001	1185.000
455.982	1189.000
455.963	1195.000
455.944	1191.000
455.925	1196.000
455.906	1181.000
455.887	1187.000
455.868	1184.000
455.849	1189.000
455.830	1185.000
455.811	1181.000
455.792	1206.000
455.773	1188.000
455.754	1199.000
455.736	1190.000
455.717	1222.000
455.698	1211.000
455.679	1194.000
455.660	1226.000
455.641	1187.000
455.622	1219.000
455.603	1218.000
455.584	1211.000
455.565	1242.000
455.546	1207.000
455.527	1244.000
455.508	1240.000
455.489	1244.000
455.470	1271.000
455.451	1267.000
455.432	1292.000
455.413	1291.000
455.394	1286.000
455.375	1320.000
455.356	1359.000
455.337	1376.000
455.318	1404.000
455.300	1477.000
455.281	1550.000
455.262	1638.000
455.243	1748.000
455.224	1942.000
455.205	2186.000
455.186	2603.000
455.167	2876.000
455.148	2992.000
455.129	3032.000
455.110	2836.000
455.091	2524.000
455.072	2234.000
455.053	1969.000
455.034	1801.000
455.015	1662.000
454.996	1556.000
454.977	1500.000
454.958	1416.000
454.939	1425.000
454.920	1389.000
454.901	1359.000
454.882	1328.000
454.863	1312.000
454.844	1294.000
454.825	1305.000
454.806	1277.000
454.787	1298.000
454.768	1259.000
454.750	1275.000
454.731	1240.000
454.712	1256.000
454.693	1245.000
454.674	1246.000
454.655	1261.000
454.636	1242.000
454.617	1258.000
454.598	1239.000
454.579	1233.000
454.560	1225.000
454.541	1243.000
454.522	1237.000
454.503	1231.000
454.484	1232.000
454.465	1247.000
454.446	1222.000
454.427	1251.000
454.408	1216.000
454.389	1237.000
454.370	1254.000
454.351	1231.000
454.332	1240.000
454.313	1235.000
454.294	1214.000
454.275	1223.000
454.256	1234.000
454.237	1234.000
454.218	1237.000
454.199	1239.000
454.180	1222.000
454.161	1231.000
454.142	1221.000
454.123	1228.000
454.104	1214.000
454.085	1226.000
454.066	1245.000
454.047	1244.000
454.028	1222.000
454.009	1228.000
453.990	1225.000
453.971	1239.000
453.952	1250.000
453.933	1251.000
453.915	1233.000
453.896	1229.000
453.877	1224.000
453.858	1224.000
453.839	1244.000
453.820	1231.000
453.801	1253.000
453.782	1245.000
453.763	1244.000
453.744	1246.000
453.725	1263.000
453.706	1225.000
453.687	1237.000
453.668	1242.000
453.649	1236.000
453.630	1237.000
453.611	1243.000
453.592	1245.000
453.573	1250.000
453.554	1254.000
453.535	1230.000
453.516	1258.000
453.497	1240.000
453.478	1242.000
453.459	1226.000
453.440	1249.000
453.421	1251.000
453.402	1255.000
453.383	1250.000
453.364	1254.000
453.345	1264.000
453.326	1247.000
453.307	1254.000
453.288	1250.000
453.269	1262.000
453.250	1249.000
453.231	1262.000
453.212	1253.000
453.193	1268.000
453.174	1268.000
453.155	1252.000
453.136	1257.000
453.117	1250.000
453.098	1252.000
453.079	1260.000
453.060	1257.000
453.041	1264.000
453.022	1263.000
453.003	1260.000
452.984	1253.000
452.965	1262.000
452.946	1256.000
452.927	1271.000
452.908	1277.000
452.889	1269.000
452.870	1277.000
452.851	1268.000
452.832	1278.000
452.813	1272.000
452.794	1268.000
452.775	1304.000
452.756	1289.000
452.737	1415.000
452.718	3016.000
452.699	1484.000
452.680	1304.000
452.661	1249.000
452.642	1275.000
452.623	1279.000
452.604	1278.000
452.585	1285.000
452.566	1282.000
452.547	1251.000
452.528	1292.000
452.509	1264.000
452.490	1265.000
452.471	1298.000
452.452	1278.000
452.433	1280.000
452.414	1275.000
452.395	1292.000
452.376	1277.000
452.357	1272.000
452.338	1282.000
452.319	1279.000
452.300	1288.000
452.281	1305.000
452.262	1277.000
452.243	1280.000
452.224	1299.000
452.205	1297.000
452.186	1279.000
452.167	1310.000
452.148	1277.000
452.129	1285.000
452.110	1311.000
452.091	1282.000
452.072	1290.000
452.053	1274.000
452.034	1289.000
452.015	1308.000
451.996	1296.000
451.976	1314.000
451.957	1306.000
451.938	1313.000
451.919	1312.000
451.900	1320.000
451.881	1275.000
451.862	1300.000
451.843	1315.000
451.824	1283.000
451.805	1304.000
451.786	1311.000
451.767	1304.000
451.748	1305.000
451.729	1284.000
451.710	1291.000
451.691	1309.000
451.672	1304.000
451.653	1314.000
451.634	1317.000
451.615	1340.000
451.596	1311.000
451.577	1312.000
451.558	1293.000
451.539	1328.000
451.520	1315.000
451.501	1308.000
451.482	1320.000
451.463	1303.000
451.444	1333.000
451.425	1314.000
451.406	1326.000
451.387	1305.000
451.368	1312.000
451.349	1312.000
451.330	1298.000
451.311	1310.000
451.292	1327.000
451.273	1311.000
451.254	1326.000
451.235	1326.000
451.216	1332.000
451.197	1311.000
451.178	1310.000
451.159	1320.000
451.140	1327.000
451.120	1313.000
451.101	1325.000
451.082	1340.000
451.063	1308.000
451.044	1340.000
451.025	1348.000
451.006	1337.000
450.987	1345.000
450.968	1329.000
450.949	1334.000
450.930	1332.000
450.911	1335.000
450.892	1338.000
450.873	1329.000
450.854	1349.000
450.835	1330.000
450.816	1338.000
450.797	1330.000
450.778	1350.000
450.759	1342.000
450.740	1344.000
450.721	1350.000
450.702	1360.000
450.683	1352.000
450.664	1324.000
450.645	1348.000
450.626	1352.000
450.607	1357.000
450.588	1361.000
450.568	1345.000
450.549	1360.000
450.530	1336.000
450.511	1343.000
450.492	1358.000
450.473	1355.000
450.454	1334.000
450.435	1361.000
450.416	1367.000
450.397	1346.000
450.378	1359.000
450.359	1357.000
450.340	1358.000
450.321	1329.000
450.302	1369.000
450.283	1354.000
450.264	1349.000
450.245	1364.000
450.226	1366.000
450.207	1372.000
450.188	1348.000
450.169	1370.000
450.150	1354.000
450.131	1361.000
450.111	1372.000
450.092	1372.000
450.073	1391.000
450.054	1378.000
450.035	1370.000
450.016	1346.000
449.997	1366.000
449.978	1358.000
449.959	1361.000
449.940	1354.000
449.921	1374.000
449.902	1367.000
449.883	1373.000
449.864	1365.000
449.845	1367.000
449.826	1379.000
449.807	1368.000
449.788	1378.000
449.769	1343.000
449.750	1381.000
449.730	1371.000
449.711	1365.000
449.692	1365.000
449.673	1366.000
449.654	1388.000
449.635	1390.000
449.616	1385.000
449.597	1359.000
449.578	1397.000
449.559	1388.000
449.540	1365.000
449.521	1390.000
449.502	1394.000
449.483	1370.000
449.464	1374.000
449.445	1371.000
449.426	1383.000
449.407	1401.000
449.387	1376.000
449.368	1393.000
449.349	1405.000
449.330	1364.000
449.311	1407.000
449.292	1400.000
449.273	1368.000
449.254	1414.000
449.235	1391.000
449.216	1414.000
449.197	1389.000
449.178	1413.000
449.159	1388.000
449.140	1400.000
449.121	1416.000
449.102	1399.000
449.083	1394.000
449.063	1419.000
449.044	1409.000
449.025	1391.000
449.006	1408.000
448.987	1414.000
448.968	1387.000
448.949	1407.000
448.930	1398.000
448.911	1427.000
448.892	1409.000
448.873	1430.000
448.854	1394.000
448.835	1436.000
448.816	1424.000
448.797	1414.000
448.777	1405.000
448.758	1401.000
448.739	1411.000
448.720	1413.000
448.701	1435.000
448.682	1402.000
448.663	1420.000
448.644	1402.000
448.625	1404.000
448.606	1415.000
448.587	1404.000
448.568	1446.000
448.549	1452.000
448.530	1437.000
448.511	1415.000
448.491	1437.000
448.472	1409.000
448.453	1439.000
448.434	1420.000
448.415	1430.000
448.396	1430.000
448.377	1438.000
448.358	1422.000
448.339	1415.000
448.320	1428.000
448.301	1429.000
448.282	1446.000
448.263	1410.000
448.243	1424.000
448.224	1455.000
448.205	1438.000
448.186	1426.000
448.167	1440.000
448.148	1426.000
448.129	1415.000
448.110	1438.000
448.091	1446.000
448.072	1434.000
448.053	1442.000
448.034	1437.000
448.015	1446.000
447.995	1431.000
447.976	1430.000
447.957	1446.000
447.938	1442.000
447.919	1471.000
447.900	1436.000
447.881	1466.000
447.862	1434.000
447.843	1426.000
447.824	1480.000
447.805	1430.000
447.786	1436.000
447.766	1439.000
447.747	1475.000
447.728	1474.000
447.709	1444.000
447.690	1457.000
447.671	1440.000
447.652	1462.000
447.633	1442.000
447.614	1415.000
447.595	1450.000
447.576	1460.000
447.557	1438.000
447.537	1423.000
447.518	1462.000
447.499	1473.000
447.480	1476.000
447.461	1444.000
447.442	1487.000
447.423	1457.000
447.404	1481.000
447.385	1480.000
447.366	1468.000
447.347	1462.000
447.327	1461.000
447.308	1463.000
447.289	1494.000
447.270	1462.000
447.251	1468.000
447.232	1463.000
447.213	1452.000
447.194	1468.000
447.175	1451.000
447.156	1470.000
447.137	1473.000
447.117	1467.000
447.098	1470.000
447.079	1464.000
447.060	1475.000
447.041	1486.000
447.022	1490.000
447.003	1467.000
446.984	1487.000
446.965	1475.000
446.946	1482.000
446.926	1501.000
446.907	1477.000
446.888	1488.000
446.869	1491.000
446.850	1476.000
446.831	1481.000
446.812	1488.000
446.793	1472.000
446.774	1484.000
446.755	1498.000
446.736	1462.000
446.716	1499.000
446.697	1468.000
446.678	1482.000
446.659	1513.000
446.640	1527.000
446.621	1501.000
446.602	1493.000
446.583	1492.000
446.564	1522.000
446.544	1498.000
446.525	1477.000
446.506	1499.000
446.487	1482.000
446.468	1478.000
446.449	1492.000
446.430	1496.000
446.411	1495.000
446.392	1510.000
446.373	1522.000
446.353	1528.000
446.334	1486.000
446.315	1504.000
446.296	1517.000
446.277	1515.000
446.258	1512.000
446.239	1539.000
446.220	1515.000
446.201	1552.000
446.181	1540.000
446.162	1553.000
446.143	1510.000
446.124	1544.000
446.105	1534.000
446.086	1544.000
446.067	1530.000
446.048	1541.000
446.029	1568.000
446.009	1545.000
445.990	1569.000
445.971	1584.000
445.952	1600.000
445.933	1588.000
445.914	1612.000
445.895	1641.000
445.876	1687.000
445.857	1661.000
445.837	1688.000
445.818	1723.000
445.799	1731.000
445.780	1791.000
445.761	1811.000
445.742	1849.000
445.723	1954.000
445.704	2032.000
445.685	2137.000
445.665	2282.000
445.646	2535.000
445.627	2794.000
445.608	3117.000
445.589	3639.000
445.570	4171.000
445.551	4630.000
445.532	4746.000
445.512	4721.000
445.493	4254.000
445.474	3798.000
445.455	3190.000
445.436	2805.000
445.417	2558.000
445.398	2303.000
445.379	2099.000
445.360	2038.000
445.340	1923.000
445.321	1830.000
445.302	1766.000
445.283	1739.000
445.264	1712.000
445.245	1657.000
445.226	1671.000
445.207	1604.000
445.187	1622.000
445.168	1596.000
445.149	1583.000
445.130	1576.000
445.111	1604.000
445.092	1548.000
445.073	1566.000
445.054	1562.000
445.034	1528.000
445.015	1565.000
444.996	1534.000
444.977	1529.000
444.958	1556.000
444.939	1518.000
444.920	1532.000
444.901	1512.000
444.881	1516.000
444.862	1481.000
444.843	1505.000
444.824	1478.000
444.805	1505.000
444.786	1496.000
444.767	1530.000
444.747	1492.000
444.728	1501.000
444.709	1474.000
444.690	1482.000
444.671	1499.000
444.652	1497.000
444.633	1476.000
444.614	1491.000
444.594	1506.000
444.575	1516.000
444.556	1487.000
444.537	1506.000
444.518	1496.000
444.499	1501.000
444.480	1480.000
444.460	1505.000
444.441	1517.000
444.422	1493.000
444.403	1472.000
444.384	1490.000
444.365	1488.000
444.346	1489.000
444.327	1492.000
444.307	1477.000
444.288	1495.000
444.269	1494.000
444.250	1493.000
444.231	1513.000
444.212	1514.000
444.193	1478.000
444.173	1492.000
444.154	1480.000
444.135	1487.000
444.116	1522.000
444.097	1501.000
444.078	1450.000
444.059	1466.000
444.039	1489.000
444.020	1493.000
444.001	1476.000
443.982	1480.000
443.963	1475.000
443.944	1500.000
443.925	1470.000
443.905	1500.000
443.886	1478.000
443.867	1472.000
443.848	1486.000
443.829	1488.000
443.810	1482.000
443.791	1502.000
443.771	1478.000
443.752	1477.000
443.733	1451.000
443.714	1472.000
443.695	1490.000
443.676	1497.000
443.657	1465.000
443.637	1483.000
443.618	1471.000
443.599	1510.000
443.580	1467.000
443.561	1475.000
443.542	1471.000
443.522	1510.000
443.503	1478.000
443.484	1464.000
443.465	1488.000
443.446	1505.000
443.427	1459.000
443.408	1448.000
443.388	1502.000
443.369	1490.000
443.350	1475.000
443.331	1487.000
443.312	1474.000
443.293	1493.000
443.273	1516.000
443.254	1473.000
443.235	1489.000
443.216	1470.000
443.197	1495.000
443.178	1441.000
443.159	1475.000
443.139	1457.000
443.120	1467.000
443.101	1490.000
443.082	1459.000
443.063	1452.000
443.044	1486.000
443.024	1461.000
443.005	1484.000
442.986	1485.000
442.967	1486.000
442.948	1480.000
442.929	1462.000
442.910	1466.000
442.890	1469.000
442.871	1440.000
442.852	1483.000
442.833	1443.000
442.814	1461.000
442.795	1458.000
442.775	1490.000
442.756	1443.000
442.737	1446.000
442.718	1465.000
442.699	1468.000
442.680	1490.000
442.660	1473.000
442.641	1490.000
442.622	1496.000
442.603	1487.000
442.584	1441.000
442.565	1464.000
442.545	1487.000
442.526	1435.000
442.507	1486.000
442.488	1472.000
442.469	1474.000
442.450	1465.000
442.430	1467.000
442.411	1461.000
442.392	1427.000
442.373	1468.000
442.354	1439.000
442.335	1477.000
442.315	1468.000
442.296	1463.000
442.277	1453.000
442.258	1437.000
442.239	1469.000
442.220	1463.000
442.200	1462.000
442.181	1477.000
442.162	1462.000
442.143	1463.000
442.124	1476.000
442.105	1443.000
442.085	1456.000
442.066	1454.000
442.047	1456.000
442.028	1444.000
442.009	1478.000
441.990	1447.000
441.970	1430.000
441.951	1449.000
441.932	1447.000
441.913	1464.000
441.894	1458.000
441.874	1450.000
441.855	1437.000
441.836	1460.000
441.817	1466.000
441.798	1447.000
441.779	1458.000
441.759	1472.000
441.740	1426.000
441.721	1453.000
441.702	1468.000
441.683	1433.000
441.664	1453.000
441.644	1424.000
441.625	1476.000
441.606	1435.000
441.587	1443.000
441.568	1459.000
441.548	1446.000
441.529	1436.000
441.510	1450.000
441.491	1440.000
441.472	1427.000
441.453	1440.000
441.433	1432.000
441.414	1477.000
441.395	1422.000
441.376	1447.000
441.357	1442.000
441.337	1447.000
441.318	1458.000
441.299	1429.000
441.280	1456.000
441.261	1433.000
441.241	1443.000
441.222	1432.000
441.203	1446.000
441.184	1425.000
441.165	1444.000
441.146	1437.000
441.126	1434.000
441.107	1444.000
441.088	1449.000
441.069	1447.000
441.050	1450.000
441.030	1434.000
441.011	1436.000
440.992	1455.000
440.973	1433.000
440.954	1402.000
440.934	1436.000
440.915	1439.000
440.896	1408.000
440.877	1426.000
440.858	1456.000
440.839	1415.000
440.819	1442.000
440.800	1418.000
440.781	1453.000
440.762	1431.000
440.743	1431.000
440.723	1430.000
440.704	1426.000
440.685	1451.000
440.666	1421.000
440.647	1415.000
440.627	1416.000
440.608	1446.000
440.589	1433.000
440.570	1420.000
440.551	1420.000
440.531	1414.000
440.512	1438.000
440.493	1436.000
440.474	1409.000
440.455	1416.000
440.435	1435.000
440.416	1436.000
440.397	1424.000
440.378	1411.000
440.359	1401.000
440.339	1411.000
440.320	1411.000
440.301	1436.000
440.282	1427.000
440.263	1432.000
440.243	1462.000
440.224	1429.000
440.205	1426.000
440.186	1424.000
440.167	1418.000
440.147	1446.000
440.128	1455.000
440.109	1429.000
440.090	1405.000
440.071	1441.000
440.051	1441.000
440.032	1447.000
440.013	1398.000
439.994	1426.000
439.975	1405.000
439.955	1426.000
439.936	1427.000
439.917	1419.000
439.898	1427.000
439.879	1400.000
439.859	1400.000
439.840	1402.000
439.821	1441.000
439.802	1393.000
439.783	1422.000
439.763	1398.000
439.744	1423.000
439.725	1424.000
439.706	1453.000
439.687	1412.000
439.667	1413.000
439.648	1397.000
439.629	1422.000
439.610	1440.000
439.590	1399.000
439.571	1389.000
439.552	1401.000
439.533	1409.000
439.514	1384.000
439.494	1420.000
439.475	1440.000
439.456	1406.000
439.437	1399.000
439.418	1386.000
439.398	1405.000
439.379	1385.000
439.360	1402.000
439.341	1404.000
439.322	1383.000
439.302	1400.000
439.283	1422.000
439.264	1380.000
439.245	1393.000
439.225	1406.000
439.206	1403.000
439.187	1399.000
439.168	1391.000
439.149	1413.000
439.129	1398.000
439.110	1395.000
439.091	1401.000
439.072	1398.000
439.052	1410.000
439.033	1388.000
439.014	1400.000
438.995	1386.000
438.976	1371.000
438.956	1402.000
438.937	1391.000
438.918	1404.000
438.899	1364.000
438.879	1376.000
438.860	1373.000
438.841	1396.000
438.822	1382.000
438.803	1389.000
438.783	1347.000
438.764	1378.000
438.745	1370.000
438.726	1397.000
438.706	1412.000
438.687	1356.000
438.668	1387.000
438.649	1388.000
438.630	1364.000
438.610	1364.000
438.591	1366.000
438.572	1407.000
438.553	1373.000
438.533	1350.000
438.514	1396.000
438.495	1379.000
438.476	1392.000
438.457	1366.000
438.437	1375.000
438.418	1378.000
438.399	1369.000
438.380	1378.000
438.360	1371.000
438.341	1388.000
438.322	1354.000
438.303	1383.000
438.283	1358.000
438.264	1367.000
438.245	1360.000
438.226	1364.000
438.207	1326.000
438.187	1347.000
438.168	1362.000
438.149	1355.000
438.130	1344.000
438.110	1366.000
438.091	1363.000
438.072	1377.000
438.053	1368.000
438.033	1356.000
438.014	1374.000
437.995	1373.000
437.976	1381.000
437.957	1355.000
437.937	1345.000
437.918	1361.000
437.899	1354.000
437.880	1342.000
437.860	1327.000
437.841	1332.000
437.822	1337.000
437.803	1338.000
437.783	1356.000
437.764	1339.000
437.745	1346.000
437.726	1376.000
437.706	1351.000
437.687	1348.000
437.668	1335.000
437.649	1336.000
437.630	1355.000
437.610	1378.000
437.591	1416.000
437.572	1435.000
437.553	1382.000
437.533	1380.000
437.514	1350.000
437.495	1332.000
437.476	1341.000
437.456	1343.000
437.437	1357.000
437.418	1354.000
437.399	1376.000
437.379	1344.000
437.360	1350.000
437.341	1330.000
437.322	1360.000
437.302	1358.000
437.283	1321.000
437.264	1304.000
437.245	1339.000
437.225	1350.000
437.206	1327.000
437.187	1342.000
437.168	1322.000
437.148	1334.000
437.129	1338.000
437.110	1334.000
437.091	1352.000
437.071	1319.000
437.052	1336.000
437.033	1328.000
437.014	1340.000
436.994	1337.000
436.975	1331.000
436.956	1331.000
436.937	1337.000
436.917	1335.000
436.898	1319.000
436.879	1318.000
436.860	1315.000
436.840	1338.000
436.821	1334.000
436.802	1323.000
436.783	1303.000
436.763	1359.000
436.744	1390.000
436.725	1397.000
436.706	1377.000
436.686	1410.000
436.667	1336.000
436.648	1337.000
436.629	1299.000
436.609	1297.000
436.590	1317.000
436.571	1306.000
436.552	1307.000
436.532	1316.000
436.513	1293.000
436.494	1304.000
436.475	1332.000
436.455	1312.000
436.436	1352.000
436.417	1324.000
436.398	1303.000
436.378	1305.000
436.359	1316.000
436.340	1308.000
436.321	1315.000
436.301	1305.000
436.282	1306.000
436.263	1296.000
436.243	1285.000
436.224	1289.000
436.205	1292.000
436.186	1329.000
436.166	1301.000
436.147	1271.000
436.128	1290.000
436.109	1334.000
436.089	1288.000
436.070	1317.000
436.051	1303.000
436.032	1306.000
436.012	1292.000
435.993	1290.000
435.974	1304.000
435.955	1314.000
435.935	1289.000
435.916	1288.000
435.897	1302.000
435.877	1317.000
435.858	1299.000
435.839	1290.000
435.820	1314.000
435.800	1296.000
435.781	1308.000
435.762	1302.000
435.743	1286.000
435.723	1295.000
435.704	1284.000
435.685	1293.000
435.666	1292.000
435.646	1280.000
435.627	1287.000
435.608	1299.000
435.588	1269.000
435.569	1303.000
435.550	1277.000
435.531	1287.000
435.511	1297.000
435.492	1261.000
435.473	1278.000
435.454	1268.000
435.434	1282.000
435.415	1271.000
435.396	1294.000
435.376	1295.000
435.357	1273.000
435.338	1268.000
435.319	1287.000
435.299	1277.000
435.280	1271.000
435.261	1283.000
435.242	1296.000
435.222	1288.000
435.203	1262.000
435.184	1293.000
435.164	1274.000
435.145	1270.000
435.126	1262.000
435.107	1274.000
435.087	1267.000
435.068	1267.000
435.049	1280.000
435.030	1256.000
435.010	1283.000
434.991	1271.000
434.972	1271.000
434.952	1277.000
434.933	1253.000
434.914	1250.000
434.895	1285.000
434.875	1260.000
434.856	1283.000
434.837	1345.000
434.817	1352.000
434.798	1312.000
434.779	1262.000
434.760	1293.000
434.740	1286.000
434.721	1283.000
434.702	1241.000
434.682	1285.000
434.663	1249.000
434.644	1251.000
434.625	1257.000
434.605	1248.000
434.586	1273.000
434.567	1259.000
434.547	1247.000
434.528	1251.000
434.509	1242.000
434.490	1264.000
434.470	1276.000
434.451	1281.000
434.432	1423.000
434.412	1642.000
434.393	1534.000
434.374	1387.000
434.355	1272.000
434.335	1240.000
434.316	1254.000
434.297	1250.000
434.277	1244.000
434.258	1251.000
434.239	1243.000
434.220	1254.000
434.200	1255.000
434.181	1266.000
434.162	1239.000
434.142	1246.000
434.123	1247.000
434.104	1248.000
434.085	1230.000
434.065	1246.000
434.046	1214.000
434.027	1231.000
434.007	1244.000
433.988	1239.000
433.969	1245.000
433.949	1253.000
433.930	1247.000
433.911	1234.000
433.892	1244.000
433.872	1239.000
433.853	1237.000
433.834	1217.000
433.814	1226.000
433.795	1236.000
433.776	1246.000
433.757	1226.000
433.737	1246.000
433.718	1245.000
433.699	1235.000
433.679	1235.000
433.660	1205.000
433.641	1257.000
433.621	1251.000
433.602	1211.000
433.583	1242.000
433.564	1225.000
433.544	1234.000
433.525	1240.000
433.506	1237.000
433.486	1218.000
433.467	1229.000
433.448	1239.000
433.428	1227.000
433.409	1232.000
433.390	1229.000
433.371	1226.000
433.351	1226.000
433.332	1224.000
433.313	1234.000
433.293	1236.000
433.274	1224.000
433.255	1229.000
433.235	1226.000
433.216	1210.000
433.197	1207.000
433.177	1217.000
433.158	1227.000
433.139	1228.000
433.120	1215.000
433.100	1244.000
433.081	1221.000
433.062	1213.000
433.042	1210.000
433.023	1217.000
433.004	1210.000
432.984	1223.000
432.965	1204.000
432.946	1207.000
432.927	1223.000
432.907	1197.000
432.888	1216.000
432.869	1208.000
432.849	1201.000
432.830	1244.000
432.811	1271.000
432.791	1285.000
432.772	1247.000
432.753	1269.000
432.733	1407.000
432.714	1558.000
432.695	1406.000
432.675	1269.000
432.656	1196.000
432.637	1198.000
432.618	1214.000
432.598	1227.000
432.579	1219.000
432.560	1196.000
432.540	1192.000
432.521	1196.000
432.502	1215.000
432.482	1192.000
432.463	1191.000
432.444	1182.000
432.424	1183.000
432.405	1202.000
432.386	1183.000
432.366	1195.000
432.347	1206.000
432.328	1218.000
432.308	1194.000
432.289	1191.000
432.270	1203.000
432.251	1186.000
432.231	1186.000
432.212	1184.000
432.193	1178.000
432.173	1172.000
432.154	1180.000
432.135	1186.000
432.115	1188.000
432.096	1182.000
432.077	1189.000
432.057	1187.000
432.038	1191.000
432.019	1189.000
431.999	1188.000
431.980	1184.000
431.961	1189.000
431.941	1185.000
431.922	1163.000
431.903	1182.000
431.883	1168.000
431.864	1179.000
431.845	1176.000
431.825	1175.000
431.806	1164.000
431.787	1171.000
431.767	1171.000
431.748	1172.000
431.729	1164.000
431.709	1191.000
431.690	1162.000
431.671	1166.000
431.652	1171.000
431.632	1172.000
431.613	1171.000
431.594	1175.000
431.574	1172.000
431.555	1166.000
431.536	1183.000
431.516	1157.000
431.497	1164.000
431.478	1151.000
431.458	1169.000
431.439	1161.000
431.420	1186.000
431.400	1162.000
431.381	1162.000
431.362	1150.000
431.342	1142.000
431.323	1160.000
431.304	1159.000
431.284	1161.000
431.265	1166.000
431.246	1161.000
431.226	1147.000
431.207	1160.000
431.188	1174.000
431.168	1141.000
431.149	1172.000
431.130	1167.000
431.110	1153.000
431.091	1143.000
431.072	1180.000
431.052	1236.000
431.033	1901.000
431.014	3515.000
430.994	1622.000
430.975	1207.000
430.956	1154.000
430.936	1154.000
430.917	1148.000
430.898	1136.000
430.878	1150.000
430.859	1159.000
430.840	1137.000
430.820	1148.000
430.801	1143.000
430.781	1146.000
430.762	1160.000
430.743	1144.000
430.723	1152.000
430.704	1148.000
430.685	1154.000
430.665	1163.000
430.646	1160.000
430.627	1177.000
430.607	1153.000
430.588	1152.000
430.569	1161.000
430.549	1160.000
430.530	1172.000
430.511	1180.000
430.491	1172.000
430.472	1147.000
430.453	1156.000
430.433	1160.000
430.414	1153.000
430.395	1157.000
430.375	1141.000
430.356	1154.000
430.337	1151.000
430.317	1135.000
430.298	1158.000
430.279	1154.000
430.259	1141.000
430.240	1149.000
430.221	1131.000
430.201	1152.000
430.182	1154.000
430.162	1152.000
430.143	1144.000
430.124	1149.000
430.104	1169.000
430.085	1141.000
430.066	1150.000
