469.055	992.000
469.037	976.000
469.018	986.000
468.999	990.000
468.980	992.000
468.962	986.000
468.943	978.000
468.924	988.000
468.906	984.000
468.887	974.000
468.868	990.000
468.849	980.000
468.831	982.000
468.812	981.000
468.793	982.000
468.774	979.000
468.756	974.000
468.737	983.000
468.718	980.000
468.700	983.000
468.681	983.000
468.662	981.000
468.643	983.000
468.625	983.000
468.606	977.000
468.587	983.000
468.568	988.000
468.550	989.000
468.531	991.000
468.512	989.000
468.493	982.000
468.475	988.000
468.456	986.000
468.437	978.000
468.419	985.000
468.400	978.000
468.381	983.000
468.362	978.000
468.344	985.000
468.325	980.000
468.306	980.000
468.287	983.000
468.269	986.000
468.250	980.000
468.231	982.000
468.212	978.000
468.194	988.000
468.175	987.000
468.156	978.000
468.137	987.000
468.119	982.000
468.100	988.000
468.081	980.000
468.063	980.000
468.044	984.000
468.025	985.000
468.006	992.000
467.988	983.000
467.969	992.000
467.950	984.000
467.931	989.000
467.913	996.000
467.894	994.000
467.875	989.000
467.856	994.000
467.838	995.000
467.819	1008.000
467.800	1012.000
467.781	1006.000
467.763	1013.000
467.744	999.000
467.725	1009.000
467.706	999.000
467.688	987.000
467.669	989.000
467.650	989.000
467.631	986.000
467.613	992.000
467.594	982.000
467.575	993.000
467.556	989.000
467.538	989.000
467.519	993.000
467.500	984.000
467.481	982.000
467.463	991.000
467.444	982.000
467.425	998.000
467.406	991.000
467.388	992.000
467.369	990.000
467.350	990.000
467.331	996.000
467.313	993.000
467.294	982.000
467.275	990.000
467.256	986.000
467.238	982.000
467.219	983.000
467.200	994.000
467.181	981.000
467.163	997.000
467.144	978.000
467.125	989.000
467.106	986.000
467.088	988.000
467.069	986.000
467.050	992.000
467.031	990.000
467.012	995.000
466.994	990.000
466.975	991.000
466.956	984.000
466.937	986.000
466.919	993.000
466.900	987.000
466.881	994.000
466.862	988.000
466.844	999.000
466.825	994.000
466.806	985.000
466.787	991.000
466.769	990.000
466.750	993.000
466.731	985.000
466.712	993.000
466.694	984.000
466.675	997.000
466.656	986.000
466.637	992.000
466.618	986.000
466.600	990.000
466.581	990.000
466.562	995.000
466.543	994.000
466.525	990.000
466.506	988.000
466.487	997.000
466.468	993.000
466.450	991.000
466.431	988.000
466.412	991.000
466.393	993.000
466.374	993.000
466.356	985.000
466.337	991.000
466.318	998.000
466.299	992.000
466.281	1001.000
466.262	990.000
466.243	994.000
466.224	989.000
466.205	995.000
466.187	994.000
466.168	996.000
466.149	989.000
466.130	999.000
466.112	1002.000
466.093	997.000
466.074	1000.000
466.055	994.000
466.037	994.000
466.018	997.000
465.999	994.000
465.980	989.000
465.961	997.000
465.943	992.000
465.924	999.000
465.905	1002.000
465.886	997.000
465.868	994.000
465.849	994.000
465.830	1001.000
465.811	1000.000
465.792	1011.000
465.774	1002.000
465.755	1000.000
465.736	999.000
465.717	997.000
465.698	1006.000
465.680	998.000
465.661	1000.000
465.642	991.000
465.623	997.000
465.605	1005.000
465.586	991.000
465.567	996.000
465.548	1003.000
465.529	990.000
465.511	1000.000
465.492	1003.000
465.473	1001.000
465.454	1005.000
465.435	997.000
465.417	996.000
465.398	1003.000
465.379	995.000
465.360	1005.000
465.342	1004.000
465.323	1007.000
465.304	1001.000
465.285	1000.000
465.266	992.000
465.248	996.000
465.229	995.000
465.210	999.000
465.191	995.000
465.172	996.000
465.154	1002.000
465.135	990.000
465.116	997.000
465.097	995.000
465.078	999.000
465.060	1000.000
465.041	1001.000
465.022	1002.000
465.003	997.000
464.984	1015.000
464.966	993.000
464.947	1002.000
464.928	997.000
464.909	993.000
464.890	999.000
464.872	1008.000
464.853	1008.000
464.834	998.000
464.815	993.000
464.796	1001.000
464.778	1000.000
464.759	1003.000
464.740	993.000
464.721	996.000
464.702	1004.000
464.684	990.000
464.665	1001.000
464.646	1001.000
464.627	1006.000
464.608	992.000
464.590	998.000
464.571	1014.000
464.552	1004.000
464.533	1014.000
464.514	1006.000
464.496	1006.000
464.477	1010.000
464.458	1013.000
464.439	1006.000
464.420	1007.000
464.402	1006.000
464.383	1003.000
464.364	999.000
464.345	1006.000
464.326	1007.000
464.308	1009.000
464.289	1013.000
464.270	997.000
464.251	998.000
464.232	1016.000
464.214	1008.000
464.195	1010.000
464.176	1005.000
464.157	1008.000
464.138	1013.000
464.120	1006.000
464.101	1007.000
464.082	1015.000
464.063	1014.000
464.044	1015.000
464.025	1013.000
464.007	1003.000
463.988	991.000
463.969	1011.000
463.950	1007.000
463.931	1013.000
463.913	1012.000
463.894	1006.000
463.875	998.000
463.856	1012.000
463.837	1014.000
463.819	1000.000
463.800	1000.000
463.781	1019.000
463.762	1010.000
463.743	1016.000
463.724	1001.000
463.706	1008.000
463.687	1005.000
463.668	1009.000
463.649	1010.000
463.630	1006.000
463.612	1006.000
463.593	1004.000
463.574	1018.000
463.555	1011.000
463.536	1011.000
463.517	1019.000
463.499	1008.000
463.480	1008.000
463.461	1011.000
463.442	1011.000
463.423	999.000
463.404	1017.000
463.386	1008.000
463.367	1016.000
463.348	1003.000
463.329	1013.000
463.310	1013.000
463.292	1008.000
463.273	1014.000
463.254	1017.000
463.235	1011.000
463.216	1008.000
463.197	1013.000
463.179	1016.000
463.160	1015.000
463.141	1015.000
463.122	1011.000
463.103	1015.000
463.084	1006.000
463.066	1006.000
463.047	1021.000
463.028	1004.000
463.009	1012.000
462.990	1011.000
462.971	1016.000
462.953	1017.000
462.934	1016.000
462.915	1013.000
462.896	1020.000
462.877	1011.000
462.858	1009.000
462.840	1021.000
462.821	1026.000
462.802	1024.000
462.783	1022.000
462.764	1017.000
462.745	1017.000
462.727	1024.000
462.708	1024.000
462.689	1022.000
462.670	1016.000
462.651	1032.000
462.632	1033.000
462.614	1010.000
462.595	1015.000
462.576	1014.000
462.557	1015.000
462.538	1019.000
462.519	1024.000
462.501	1017.000
462.482	1010.000
462.463	1018.000
462.444	1019.000
462.425	1022.000
462.406	1019.000
462.388	1024.000
462.369	1036.000
462.350	1020.000
462.331	1034.000
462.312	1009.000
462.293	1024.000
462.274	1011.000
462.256	1022.000
462.237	1019.000
462.218	1019.000
462.199	1036.000
462.180	1026.000
462.161	1022.000
462.143	1029.000
462.124	1033.000
462.105	1019.000
462.086	1027.000
462.067	1040.000
462.048	1038.000
462.029	1027.000
462.011	1049.000
461.992	1035.000
461.973	1040.000
461.954	1053.000
461.935	1063.000
461.916	1075.000
461.898	1080.000
461.879	1080.000
461.860	1086.000
461.841	1075.000
461.822	1064.000
461.803	1055.000
461.784	1053.000
461.766	1050.000
461.747	1045.000
461.728	1048.000
461.709	1032.000
461.690	1049.000
461.671	1029.000
461.652	1041.000
461.634	1036.000
461.615	1030.000
461.596	1030.000
461.577	1032.000
461.558	1029.000
461.539	1031.000
461.521	1036.000
461.502	1024.000
461.483	1032.000
461.464	1025.000
461.445	1024.000
461.426	1025.000
461.407	1034.000
461.389	1027.000
461.370	1036.000
461.351	1031.000
461.332	1031.000
461.313	1022.000
461.294	1043.000
461.275	1031.000
461.256	1036.000
461.238	1030.000
461.219	1044.000
461.200	1033.000
461.181	1025.000
461.162	1031.000
461.143	1024.000
461.124	1048.000
461.106	1024.000
461.087	1031.000
461.068	1043.000
461.049	1032.000
461.030	1042.000
461.011	1042.000
460.992	1049.000
460.974	1032.000
460.955	1041.000
460.936	1048.000
460.917	1033.000
460.898	1038.000
460.879	1040.000
460.860	1038.000
460.841	1038.000
460.823	1044.000
460.804	1045.000
460.785	1035.000
460.766	1035.000
460.747	1037.000
460.728	1046.000
460.709	1044.000
460.691	1035.000
460.672	1034.000
460.653	1045.000
460.634	1040.000
460.615	1040.000
460.596	1041.000
460.577	1042.000
460.558	1042.000
460.540	1055.000
460.521	1057.000
460.502	1041.000
460.483	1048.000
460.464	1043.000
460.445	1042.000
460.426	1048.000
460.407	1054.000
460.389	1029.000
460.370	1053.000
460.351	1034.000
460.332	1041.000
460.313	1041.000
460.294	1050.000
460.275	1030.000
460.256	1036.000
460.238	1047.000
460.219	1042.000
460.200	1049.000
460.181	1052.000
460.162	1042.000
460.143	1048.000
460.124	1047.000
460.105	1043.000
460.087	1042.000
460.068	1038.000
460.049	1054.000
460.030	1044.000
460.011	1048.000
459.992	1044.000
459.973	1047.000
459.954	1042.000
459.935	1043.000
459.917	1051.000
459.898	1060.000
459.879	1056.000
459.860	1063.000
459.841	1048.000
459.822	1054.000
459.803	1049.000
459.784	1044.000
459.766	1057.000
459.747	1051.000
459.728	1061.000
459.709	1060.000
459.690	1057.000
459.671	1053.000
459.652	1051.000
459.633	1040.000
459.614	1068.000
459.596	1058.000
459.577	1036.000
459.558	1070.000
459.539	1058.000
459.520	1050.000
459.501	1054.000
459.482	1063.000
459.463	1058.000
459.444	1050.000
459.426	1040.000
459.407	1048.000
459.388	1049.000
459.369	1052.000
459.350	1052.000
459.331	1053.000
459.312	1049.000
459.293	1062.000
459.274	1065.000
459.255	1057.000
459.237	1060.000
459.218	1052.000
459.199	1064.000
459.180	1056.000
459.161	1045.000
459.142	1066.000
459.123	1060.000
459.104	1067.000
459.085	1065.000
459.067	1056.000
459.048	1045.000
459.029	1060.000
459.010	1065.000
458.991	1058.000
458.972	1055.000
458.953	1063.000
458.934	1075.000
458.915	1059.000
458.896	1066.000
458.878	1079.000
458.859	1060.000
458.840	1058.000
458.821	1069.000
458.802	1068.000
458.783	1074.000
458.764	1068.000
458.745	1074.000
458.726	1063.000
458.707	1069.000
458.688	1059.000
458.670	1064.000
458.651	1066.000
458.632	1070.000
458.613	1073.000
458.594	1061.000
458.575	1074.000
458.556	1077.000
458.537	1077.000
458.518	1070.000
458.499	1076.000
458.481	1080.000
458.462	1072.000
458.443	1073.000
458.424	1070.000
458.405	1064.000
458.386	1080.000
458.367	1071.000
458.348	1077.000
458.329	1080.000
458.310	1080.000
458.291	1081.000
458.273	1069.000
458.254	1073.000
458.235	1093.000
458.216	1065.000
458.197	1068.000
458.178	1073.000
458.159	1075.000
458.140	1091.000
458.121	1086.000
458.102	1072.000
458.083	1070.000
458.064	1081.000
458.046	1080.000
458.027	1099.000
458.008	1082.000
457.989	1075.000
457.970	1085.000
457.951	1084.000
457.932	1083.000
457.913	1074.000
457.894	1081.000
457.875	1082.000
457.856	1076.000
457.837	1071.000
457.819	1085.000
457.800	1068.000
457.781	1076.000
457.762	1092.000
457.743	1060.000
457.724	1101.000
457.705	1084.000
457.686	1083.000
457.667	1092.000
457.648	1086.000
457.629	1081.000
457.610	1089.000
457.591	1087.000
457.573	1093.000
457.554	1088.000
457.535	1081.000
457.516	1097.000
457.497	1090.000
457.478	1094.000
457.459	1089.000
457.440	1094.000
457.421	1091.000
457.402	1083.000
457.383	1090.000
457.364	1097.000
457.345	1102.000
457.327	1109.000
457.308	1098.000
457.289	1083.000
457.270	1076.000
457.251	1104.000
457.232	1117.000
457.213	1092.000
457.194	1111.000
457.175	1085.000
457.156	1093.000
457.137	1108.000
457.118	1108.000
457.099	1104.000
457.080	1106.000
457.062	1092.000
457.043	1093.000
457.024	1100.000
457.005	1106.000
456.986	1107.000
456.967	1102.000
456.948	1112.000
456.929	1094.000
456.910	1104.000
456.891	1094.000
456.872	1097.000
456.853	1108.000
456.834	1104.000
456.815	1089.000
456.796	1112.000
456.778	1123.000
456.759	1108.000
456.740	1109.000
456.721	1094.000
456.702	1102.000
456.683	1098.000
456.664	1110.000
456.645	1104.000
456.626	1109.000
456.607	1111.000
456.588	1096.000
456.569	1103.000
456.550	1112.000
456.531	1106.000
456.512	1119.000
456.493	1122.000
456.474	1106.000
456.456	1114.000
456.437	1119.000
456.418	1103.000
456.399	1112.000
456.380	1099.000
456.361	1121.000
456.342	1108.000
456.323	1134.000
456.304	1110.000
456.285	1102.000
456.266	1115.000
456.247	1104.000
456.228	1107.000
456.209	1118.000
456.190	1117.000
456.171	1114.000
456.152	1110.000
456.133	1124.000
456.115	1140.000
456.096	1131.000
456.077	1124.000
456.058	1124.000
456.039	1126.000
456.020	1117.000
456.001	1122.000
455.982	1131.000
455.963	1135.000
455.944	1126.000
455.925	1128.000
455.906	1128.000
455.887	1120.000
455.868	1120.000
455.849	1141.000
455.830	1133.000
455.811	1132.000
455.792	1154.000
455.773	1147.000
455.754	1136.000
455.736	1129.000
455.717	1140.000
455.698	1130.000
455.679	1127.000
455.660	1156.000
455.641	1155.000
455.622	1160.000
455.603	1169.000
455.584	1151.000
455.565	1150.000
455.546	1146.000
455.527	1172.000
455.508	1170.000
455.489	1197.000
455.470	1192.000
455.451	1188.000
455.432	1195.000
455.413	1240.000
455.394	1243.000
455.375	1245.000
455.356	1267.000
455.337	1302.000
455.318	1340.000
455.300	1358.000
455.281	1483.000
455.262	1524.000
455.243	1651.000
455.224	1819.000
455.205	2003.000
455.186	2382.000
455.167	2756.000
455.148	3088.000
455.129	3287.000
455.110	3310.000
455.091	3087.000
455.072	2651.000
455.053	2253.000
455.034	2048.000
455.015	1804.000
454.996	1653.000
454.977	1567.000
454.958	1500.000
454.939	1430.000
454.920	1400.000
454.901	1339.000
454.882	1332.000
454.863	1322.000
454.844	1284.000
454.825	1280.000
454.806	1259.000
454.787	1262.000
454.768	1244.000
454.750	1231.000
454.731	1230.000
454.712	1218.000
454.693	1209.000
454.674	1199.000
454.655	1204.000
454.636	1229.000
454.617	1207.000
454.598	1196.000
454.579	1206.000
454.560	1183.000
454.541	1178.000
454.522	1205.000
454.503	1195.000
454.484	1182.000
454.465	1211.000
454.446	1193.000
454.427	1188.000
454.408	1177.000
454.389	1202.000
454.370	1192.000
454.351	1195.000
454.332	1177.000
454.313	1188.000
454.294	1182.000
454.275	1186.000
454.256	1183.000
454.237	1175.000
454.218	1166.000
454.199	1184.000
454.180	1165.000
454.161	1201.000
454.142	1186.000
454.123	1201.000
454.104	1195.000
454.085	1185.000
454.066	1198.000
454.047	1187.000
454.028	1176.000
454.009	1169.000
453.990	1169.000
453.971	1197.000
453.952	1173.000
453.933	1172.000
453.915	1174.000
453.896	1167.000
453.877	1184.000
453.858	1157.000
453.839	1162.000
453.820	1198.000
453.801	1168.000
453.782	1173.000
453.763	1183.000
453.744	1179.000
453.725	1173.000
453.706	1176.000
453.687	1178.000
453.668	1162.000
453.649	1182.000
453.630	1190.000
453.611	1191.000
453.592	1198.000
453.573	1191.000
453.554	1182.000
453.535	1200.000
453.516	1191.000
453.497	1190.000
453.478	1175.000
453.459	1178.000
453.440	1183.000
453.421	1186.000
453.402	1208.000
453.383	1185.000
453.364	1179.000
453.345	1186.000
453.326	1177.000
453.307	1198.000
453.288	1194.000
453.269	1192.000
453.250	1180.000
453.231	1161.000
453.212	1195.000
453.193	1188.000
453.174	1172.000
453.155	1165.000
453.136	1204.000
453.117	1191.000
453.098	1174.000
453.079	1191.000
453.060	1209.000
453.041	1188.000
453.022	1192.000
453.003	1200.000
452.984	1187.000
452.965	1197.000
452.946	1200.000
452.927	1203.000
452.908	1203.000
452.889	1190.000
452.870	1188.000
452.851	1192.000
452.832	1199.000
452.813	1179.000
452.794	1197.000
452.775	1196.000
452.756	1199.000
452.737	1181.000
452.718	1196.000
452.699	1220.000
452.680	1204.000
452.661	1202.000
452.642	1208.000
452.623	1201.000
452.604	1206.000
452.585	1189.000
452.566	1208.000
452.547	1210.000
452.528	1204.000
452.509	1213.000
452.490	1217.000
452.471	1216.000
452.452	1218.000
452.433	1194.000
452.414	1223.000
452.395	1216.000
452.376	1202.000
452.357	1215.000
452.338	1195.000
452.319	1216.000
452.300	1207.000
452.281	1203.000
452.262	1219.000
452.243	1212.000
452.224	1223.000
452.205	1224.000
452.186	1220.000
452.167	1205.000
452.148	1225.000
452.129	1239.000
452.110	1212.000
452.091	1223.000
452.072	1223.000
452.053	1233.000
452.034	1215.000
452.015	1201.000
451.996	1209.000
451.976	1236.000
451.957	1215.000
451.938	1230.000
451.919	1218.000
451.900	1213.000
451.881	1201.000
451.862	1201.000
451.843	1217.000
451.824	1206.000
451.805	1232.000
451.786	1213.000
451.767	1216.000
451.748	1202.000
451.729	1228.000
451.710	1213.000
451.691	1208.000
451.672	1253.000
451.653	1203.000
451.634	1235.000
451.615	1231.000
451.596	1221.000
451.577	1217.000
451.558	1254.000
451.539	1235.000
451.520	1224.000
451.501	1230.000
451.482	1225.000
451.463	1249.000
451.444	1228.000
451.425	1256.000
451.406	1243.000
451.387	1250.000
451.368	1233.000
451.349	1246.000
451.330	1239.000
451.311	1256.000
451.292	1247.000
451.273	1226.000
451.254	1222.000
451.235	1246.000
451.216	1234.000
451.197	1229.000
451.178	1266.000
451.159	1234.000
451.140	1258.000
451.120	1226.000
451.101	1240.000
451.082	1245.000
451.063	1219.000
451.044	1238.000
451.025	1228.000
451.006	1221.000
450.987	1239.000
450.968	1233.000
450.949	1240.000
450.930	1253.000
450.911	1245.000
450.892	1234.000
450.873	1238.000
450.854	1255.000
450.835	1230.000
450.816	1243.000
450.797	1247.000
450.778	1238.000
450.759	1264.000
450.740	1257.000
450.721	1243.000
450.702	1240.000
450.683	1236.000
450.664	1257.000
450.645	1262.000
450.626	1246.000
450.607	1263.000
450.588	1260.000
450.568	1238.000
450.549	1262.000
450.530	1262.000
450.511	1265.000
450.492	1271.000
450.473	1238.000
450.454	1255.000
450.435	1257.000
450.416	1258.000
450.397	1257.000
450.378	1259.000
450.359	1257.000
450.340	1243.000
450.321	1250.000
450.302	1252.000
450.283	1273.000
450.264	1266.000
450.245	1252.000
450.226	1250.000
450.207	1260.000
450.188	1261.000
450.169	1250.000
450.150	1265.000
450.131	1250.000
450.111	1265.000
450.092	1247.000
450.073	1244.000
450.054	1268.000
450.035	1271.000
450.016	1275.000
449.997	1262.000
449.978	1242.000
449.959	1280.000
449.940	1274.000
449.921	1257.000
449.902	1253.000
449.883	1263.000
449.864	1273.000
449.845	1261.000
449.826	1278.000
449.807	1259.000
449.788	1256.000
449.769	1266.000
449.750	1272.000
449.730	1249.000
449.711	1289.000
449.692	1262.000
449.673	1256.000
449.654	1259.000
449.635	1279.000
449.616	1250.000
449.597	1279.000
449.578	1260.000
449.559	1293.000
449.540	1259.000
449.521	1274.000
449.502	1266.000
449.483	1272.000
449.464	1276.000
449.445	1269.000
449.426	1270.000
449.407	1270.000
449.387	1287.000
449.368	1265.000
449.349	1276.000
449.330	1268.000
449.311	1298.000
449.292	1285.000
449.273	1283.000
449.254	1274.000
449.235	1259.000
449.216	1276.000
449.197	1274.000
449.178	1275.000
449.159	1287.000
449.140	1278.000
449.121	1268.000
449.102	1289.000
449.083	1258.000
449.063	1261.000
449.044	1263.000
449.025	1271.000
449.006	1298.000
448.987	1272.000
448.968	1286.000
448.949	1290.000
448.930	1270.000
448.911	1310.000
448.892	1290.000
448.873	1297.000
448.854	1290.000
448.835	1308.000
448.816	1291.000
448.797	1305.000
448.777	1284.000
448.758	1289.000
448.739	1305.000
448.720	1286.000
448.701	1267.000
448.682	1295.000
448.663	1282.000
448.644	1295.000
448.625	1299.000
448.606	1276.000
448.587	1306.000
448.568	1298.000
448.549	1277.000
448.530	1305.000
448.511	1284.000
448.491	1284.000
448.472	1295.000
448.453	1296.000
448.434	1288.000
448.415	1303.000
448.396	1289.000
448.377	1286.000
448.358	1294.000
448.339	1290.000
448.320	1307.000
448.301	1297.000
448.282	1286.000
448.263	1304.000
448.243	1303.000
448.224	1296.000
448.205	1306.000
448.186	1285.000
448.167	1297.000
448.148	1331.000
448.129	1290.000
448.110	1265.000
448.091	1306.000
448.072	1309.000
448.053	1303.000
448.034	1314.000
448.015	1307.000
447.995	1318.000
447.976	1306.000
447.957	1340.000
447.938	1296.000
447.919	1295.000
447.900	1316.000
447.881	1288.000
447.862	1320.000
447.843	1325.000
447.824	1315.000
447.805	1317.000
447.786	1313.000
447.766	1300.000
447.747	1293.000
447.728	1269.000
447.709	1302.000
447.690	1301.000
447.671	1303.000
447.652	1309.000
447.633	1301.000
447.614	1311.000
447.595	1307.000
447.576	1303.000
447.557	1301.000
447.537	1338.000
447.518	1304.000
447.499	1303.000
447.480	1300.000
447.461	1320.000
447.442	1312.000
447.423	1314.000
447.404	1332.000
447.385	1303.000
447.366	1313.000
447.347	1330.000
447.327	1319.000
447.308	1301.000
447.289	1305.000
447.270	1332.000
447.251	1322.000
447.232	1331.000
447.213	1319.000
447.194	1316.000
447.175	1330.000
447.156	1321.000
447.137	1318.000
447.117	1334.000
447.098	1352.000
447.079	1335.000
447.060	1327.000
447.041	1311.000
447.022	1335.000
447.003	1317.000
446.984	1318.000
446.965	1342.000
446.946	1306.000
446.926	1317.000
446.907	1339.000
446.888	1322.000
446.869	1338.000
446.850	1317.000
446.831	1328.000
446.812	1329.000
446.793	1326.000
446.774	1332.000
446.755	1357.000
446.736	1333.000
446.716	1320.000
446.697	1350.000
446.678	1332.000
446.659	1328.000
446.640	1340.000
446.621	1353.000
446.602	1351.000
446.583	1317.000
446.564	1360.000
446.544	1335.000
446.525	1323.000
446.506	1318.000
446.487	1333.000
446.468	1339.000
446.449	1327.000
446.430	1360.000
446.411	1334.000
446.392	1335.000
446.373	1361.000
446.353	1334.000
446.334	1375.000
446.315	1330.000
446.296	1356.000
446.277	1374.000
446.258	1355.000
446.239	1363.000
446.220	1384.000
446.201	1367.000
446.181	1356.000
446.162	1370.000
446.143	1349.000
446.124	1389.000
446.105	1364.000
446.086	1363.000
446.067	1370.000
446.048	1386.000
446.029	1382.000
446.009	1390.000
445.990	1392.000
445.971	1403.000
445.952	1418.000
445.933	1431.000
445.914	1430.000
445.895	1426.000
445.876	1428.000
445.857	1434.000
445.837	1498.000
445.818	1494.000
445.799	1496.000
445.780	1534.000
445.761	1548.000
445.742	1622.000
445.723	1688.000
445.704	1737.000
445.685	1838.000
445.665	1917.000
445.646	2107.000
445.627	2290.000
445.608	2537.000
445.589	2945.000
445.570	3300.000
445.551	3658.000
445.532	3816.000
445.512	3705.000
445.493	3475.000
445.474	3017.000
445.455	2644.000
445.436	2325.000
445.417	2163.000
445.398	1928.000
445.379	1801.000
445.360	1735.000
445.340	1645.000
445.321	1569.000
445.302	1533.000
445.283	1478.000
445.264	1504.000
445.245	1436.000
445.226	1430.000
445.207	1437.000
445.187	1405.000
445.168	1420.000
445.149	1402.000
445.130	1373.000
445.111	1377.000
445.092	1348.000
445.073	1355.000
445.054	1367.000
445.034	1334.000
445.015	1368.000
444.996	1343.000
444.977	1334.000
444.958	1321.000
444.939	1373.000
444.920	1372.000
444.901	1331.000
444.881	1325.000
444.862	1321.000
444.843	1357.000
444.824	1317.000
444.805	1338.000
444.786	1320.000
444.767	1334.000
444.747	1326.000
444.728	1335.000
444.709	1322.000
444.690	1316.000
444.671	1320.000
444.652	1331.000
444.633	1311.000
444.614	1306.000
444.594	1345.000
444.575	1318.000
444.556	1318.000
444.537	1301.000
444.518	1286.000
444.499	1339.000
444.480	1334.000
444.460	1305.000
444.441	1320.000
444.422	1306.000
444.403	1335.000
444.384	1299.000
444.365	1313.000
444.346	1308.000
444.327	1302.000
444.307	1316.000
444.288	1315.000
444.269	1349.000
444.250	1292.000
444.231	1302.000
444.212	1299.000
444.193	1306.000
444.173	1313.000
444.154	1309.000
444.135	1302.000
444.116	1305.000
444.097	1300.000
444.078	1290.000
444.059	1312.000
444.039	1289.000
444.020	1302.000
444.001	1287.000
443.982	1284.000
443.963	1292.000
443.944	1288.000
443.925	1307.000
443.905	1300.000
443.886	1294.000
443.867	1296.000
443.848	1292.000
443.829	1297.000
443.810	1286.000
443.791	1310.000
443.771	1309.000
443.752	1290.000
443.733	1307.000
443.714	1325.000
443.695	1313.000
443.676	1315.000
443.657	1318.000
443.637	1296.000
443.618	1311.000
443.599	1299.000
443.580	1297.000
443.561	1313.000
443.542	1295.000
443.522	1298.000
443.503	1308.000
443.484	1303.000
443.465	1323.000
443.446	1280.000
443.427	1304.000
443.408	1289.000
443.388	1288.000
443.369	1303.000
443.350	1289.000
443.331	1315.000
443.312	1309.000
443.293	1321.000
443.273	1292.000
443.254	1284.000
443.235	1313.000
443.216	1280.000
443.197	1286.000
443.178	1293.000
443.159	1293.000
443.139	1274.000
443.120	1274.000
443.101	1276.000
443.082	1291.000
443.063	1295.000
443.044	1262.000
443.024	1305.000
443.005	1292.000
442.986	1286.000
442.967	1282.000
442.948	1280.000
442.929	1287.000
442.910	1288.000
442.890	1276.000
442.871	1283.000
442.852	1302.000
442.833	1295.000
442.814	1292.000
442.795	1275.000
442.775	1285.000
442.756	1280.000
442.737	1261.000
442.718	1286.000
442.699	1288.000
442.680	1302.000
442.660	1294.000
442.641	1287.000
442.622	1294.000
442.603	1269.000
442.584	1272.000
442.565	1285.000
442.545	1286.000
442.526	1286.000
442.507	1267.000
442.488	1283.000
442.469	1268.000
442.450	1274.000
442.430	1278.000
442.411	1270.000
442.392	1270.000
442.373	1268.000
442.354	1269.000
442.335	1267.000
442.315	1264.000
442.296	1283.000
442.277	1262.000
442.258	1286.000
442.239	1279.000
442.220	1308.000
442.200	1264.000
442.181	1285.000
442.162	1253.000
442.143	1251.000
442.124	1283.000
442.105	1260.000
442.085	1257.000
442.066	1282.000
442.047	1270.000
442.028	1264.000
442.009	1271.000
441.990	1261.000
441.970	1281.000
441.951	1278.000
441.932	1285.000
441.913	1283.000
441.894	1278.000
441.874	1278.000
441.855	1263.000
441.836	1282.000
441.817	1250.000
441.798	1256.000
441.779	1256.000
441.759	1254.000
441.740	1251.000
441.721	1268.000
441.702	1275.000
441.683	1249.000
441.664	1257.000
441.644	1260.000
441.625	1251.000
441.606	1260.000
441.587	1266.000
441.568	1292.000
441.548	1276.000
441.529	1268.000
441.510	1270.000
441.491	1273.000
441.472	1254.000
441.453	1274.000
441.433	1261.000
441.414	1251.000
441.395	1239.000
441.376	1246.000
441.357	1241.000
441.337	1262.000
441.318	1246.000
441.299	1268.000
441.280	1244.000
441.261	1260.000
441.241	1227.000
441.222	1249.000
441.203	1257.000
441.184	1257.000
441.165	1236.000
441.146	1262.000
441.126	1258.000
441.107	1273.000
441.088	1263.000
441.069	1238.000
441.050	1245.000
441.030	1223.000
441.011	1258.000
440.992	1238.000
440.973	1254.000
440.954	1258.000
440.934	1233.000
440.915	1253.000
440.896	1235.000
440.877	1246.000
440.858	1239.000
440.839	1245.000
440.819	1248.000
440.800	1239.000
440.781	1248.000
440.762	1238.000
440.743	1224.000
440.723	1230.000
440.704	1225.000
440.685	1255.000
440.666	1233.000
440.647	1245.000
440.627	1242.000
440.608	1249.000
440.589	1248.000
440.570	1239.000
440.551	1245.000
440.531	1245.000
440.512	1224.000
440.493	1231.000
440.474	1252.000
440.455	1235.000
440.435	1235.000
440.416	1224.000
440.397	1222.000
440.378	1221.000
440.359	1228.000
440.339	1242.000
440.320	1248.000
440.301	1213.000
440.282	1231.000
440.263	1248.000
440.243	1238.000
440.224	1224.000
440.205	1240.000
440.186	1221.000
440.167	1233.000
440.147	1246.000
440.128	1200.000
440.109	1223.000
440.090	1230.000
440.071	1234.000
440.051	1212.000
440.032	1233.000
440.013	1216.000
439.994	1213.000
439.975	1232.000
439.955	1230.000
439.936	1219.000
439.917	1239.000
439.898	1218.000
439.879	1202.000
439.859	1207.000
439.840	1234.000
439.821	1219.000
439.802	1226.000
439.783	1206.000
439.763	1240.000
439.744	1209.000
439.725	1216.000
439.706	1239.000
439.687	1212.000
439.667	1199.000
439.648	1232.000
439.629	1223.000
439.610	1220.000
439.590	1217.000
439.571	1230.000
439.552	1224.000
439.533	1200.000
439.514	1216.000
439.494	1205.000
439.475	1216.000
439.456	1186.000
439.437	1203.000
439.418	1197.000
439.398	1194.000
439.379	1221.000
439.360	1219.000
439.341	1199.000
439.322	1195.000
439.302	1196.000
439.283	1200.000
439.264	1197.000
439.245	1188.000
439.225	1184.000
439.206	1203.000
439.187	1211.000
439.168	1206.000
439.149	1218.000
439.129	1205.000
439.110	1207.000
439.091	1200.000
439.072	1213.000
439.052	1202.000
439.033	1198.000
439.014	1187.000
438.995	1196.000
438.976	1203.000
438.956	1196.000
438.937	1180.000
438.918	1181.000
438.899	1202.000
438.879	1188.000
438.860	1207.000
438.841	1194.000
438.822	1179.000
438.803	1168.000
438.783	1181.000
438.764	1185.000
438.745	1195.000
438.726	1195.000
438.706	1184.000
438.687	1203.000
438.668	1178.000
438.649	1195.000
438.630	1191.000
438.610	1178.000
438.591	1190.000
438.572	1186.000
438.553	1176.000
438.533	1195.000
438.514	1179.000
438.495	1195.000
438.476	1190.000
438.457	1189.000
438.437	1177.000
438.418	1205.000
438.399	1179.000
438.380	1188.000
438.360	1189.000
438.341	1186.000
438.322	1196.000
438.303	1182.000
438.283	1178.000
438.264	1176.000
438.245	1177.000
438.226	1181.000
438.207	1172.000
438.187	1184.000
438.168	1192.000
438.149	1180.000
438.130	1176.000
438.110	1178.000
438.091	1176.000
438.072	1168.000
438.053	1182.000
438.033	1184.000
438.014	1161.000
437.995	1183.000
437.976	1178.000
437.957	1165.000
437.937	1167.000
437.918	1162.000
437.899	1179.000
437.880	1179.000
437.860	1190.000
437.841	1176.000
437.822	1189.000
437.803	1163.000
437.783	1161.000
437.764	1172.000
437.745	1181.000
437.726	1164.000
437.706	1178.000
437.687	1166.000
437.668	1162.000
437.649	1163.000
437.630	1167.000
437.610	1171.000
437.591	1219.000
437.572	1212.000
437.553	1200.000
437.533	1187.000
437.514	1162.000
437.495	1158.000
437.476	1141.000
437.456	1161.000
437.437	1157.000
437.418	1157.000
437.399	1158.000
437.379	1152.000
437.360	1166.000
437.341	1150.000
437.322	1172.000
437.302	1163.000
437.283	1150.000
437.264	1148.000
437.245	1172.000
437.225	1155.000
437.206	1164.000
437.187	1170.000
437.168	1158.000
437.148	1159.000
437.129	1152.000
437.110	1145.000
437.091	1183.000
437.071	1155.000
437.052	1151.000
437.033	1149.000
437.014	1162.000
436.994	1159.000
436.975	1145.000
436.956	1167.000
436.937	1154.000
436.917	1136.000
436.898	1132.000
436.879	1135.000
436.860	1162.000
436.840	1158.000
436.821	1149.000
436.802	1154.000
436.783	1141.000
436.763	1186.000
436.744	1194.000
436.725	1199.000
436.706	1189.000
436.686	1191.000
436.667	1174.000
436.648	1168.000
436.629	1134.000
436.609	1126.000
436.590	1152.000
436.571	1137.000
436.552	1166.000
436.532	1151.000
436.513	1157.000
436.494	1124.000
436.475	1142.000
436.455	1140.000
436.436	1144.000
436.417	1136.000
436.398	1149.000
436.378	1137.000
436.359	1156.000
436.340	1147.000
436.321	1138.000
436.301	1134.000
436.282	1130.000
436.263	1148.000
436.243	1143.000
436.224	1131.000
436.205	1131.000
436.186	1131.000
436.166	1139.000
436.147	1144.000
436.128	1124.000
436.109	1126.000
436.089	1135.000
436.070	1125.000
436.051	1145.000
436.032	1132.000
436.012	1131.000
435.993	1149.000
435.974	1135.000
435.955	1116.000
435.935	1144.000
435.916	1108.000
435.897	1126.000
435.877	1135.000
435.858	1149.000
435.839	1138.000
435.820	1131.000
435.800	1131.000
435.781	1132.000
435.762	1122.000
435.743	1130.000
435.723	1115.000
435.704	1127.000
435.685	1125.000
435.666	1120.000
435.646	1129.000
435.627	1130.000
435.608	1130.000
435.588	1126.000
435.569	1126.000
435.550	1140.000
435.531	1126.000
435.511	1112.000
435.492	1130.000
435.473	1145.000
435.454	1123.000
435.434	1133.000
435.415	1114.000
435.396	1124.000
435.376	1117.000
435.357	1146.000
435.338	1134.000
435.319	1116.000
435.299	1117.000
435.280	1105.000
435.261	1107.000
435.242	1126.000
435.222	1110.000
435.203	1135.000
435.184	1125.000
435.164	1118.000
435.145	1111.000
435.126	1126.000
435.107	1122.000
435.087	1119.000
435.068	1118.000
435.049	1112.000
435.030	1121.000
435.010	1118.000
434.991	1115.000
434.972	1121.000
434.952	1115.000
434.933	1119.000
434.914	1122.000
434.895	1114.000
434.875	1116.000
434.856	1133.000
434.837	1167.000
434.817	1159.000
434.798	1129.000
434.779	1107.000
434.760	1098.000
434.740	1098.000
434.721	1105.000
434.702	1106.000
434.682	1110.000
434.663	1114.000
434.644	1115.000
434.625	1114.000
434.605	1104.000
434.586	1112.000
434.567	1101.000
434.547	1091.000
434.528	1095.000
434.509	1099.000
434.490	1108.000
434.470	1109.000
434.451	1126.000
434.432	1207.000
434.412	1371.000
434.393	1288.000
434.374	1196.000
434.355	1113.000
434.335	1103.000
434.316	1096.000
434.297	1112.000
434.277	1093.000
434.258	1108.000
434.239	1101.000
434.220	1101.000
434.200	1112.000
434.181	1113.000
434.162	1096.000
434.142	1107.000
434.123	1114.000
434.104	1104.000
434.085	1095.000
434.065	1099.000
434.046	1093.000
434.027	1098.000
434.007	1089.000
433.988	1095.000
433.969	1089.000
433.949	1090.000
433.930	1098.000
433.911	1109.000
433.892	1095.000
433.872	1101.000
433.853	1094.000
433.834	1096.000
433.814	1110.000
433.795	1105.000
433.776	1090.000
433.757	1110.000
433.737	1096.000
433.718	1095.000
433.699	1095.000
433.679	1092.000
433.660	1096.000
433.641	1079.000
433.621	1088.000
433.602	1086.000
433.583	1094.000
433.564	1099.000
433.544	1083.000
433.525	1090.000
433.506	1095.000
433.486	1083.000
433.467	1079.000
433.448	1100.000
433.428	1075.000
433.409	1095.000
433.390	1094.000
433.371	1086.000
433.351	1085.000
433.332	1087.000
433.313	1087.000
433.293	1078.000
433.274	1090.000
433.255	1095.000
433.235	1079.000
433.216	1079.000
433.197	1092.000
433.177	1075.000
433.158	1086.000
433.139	1075.000
433.120	1085.000
433.100	1079.000
433.081	1069.000
433.062	1073.000
433.042	1086.000
433.023	1084.000
433.004	1081.000
432.984	1084.000
432.965	1092.000
432.946	1069.000
432.927	1082.000
432.907	1083.000
432.888	1070.000
432.869	1082.000
432.849	1077.000
432.830	1085.000
432.811	1131.000
432.791	1120.000
432.772	1102.000
432.753	1120.000
432.733	1233.000
432.714	1311.000
432.695	1228.000
432.675	1129.000
432.656	1074.000
432.637	1079.000
432.618	1067.000
432.598	1070.000
432.579	1074.000
432.560	1064.000
432.540	1062.000
432.521	1088.000
432.502	1068.000
432.482	1075.000
432.463	1072.000
432.444	1073.000
432.424	1071.000
432.405	1071.000
432.386	1065.000
432.366	1073.000
432.347	1062.000
432.328	1067.000
432.308	1075.000
432.289	1080.000
432.270	1080.000
432.251	1066.000
432.231	1069.000
432.212	1053.000
432.193	1061.000
432.173	1073.000
432.154	1071.000
432.135	1063.000
432.115	1068.000
432.096	1069.000
432.077	1070.000
432.057	1055.000
432.038	1077.000
432.019	1078.000
431.999	1070.000
431.980	1067.000
431.961	1088.000
431.941	1060.000
431.922	1064.000
431.903	1064.000
431.883	1071.000
431.864	1052.000
431.845	1059.000
431.825	1058.000
431.806	1069.000
431.787	1066.000
431.767	1071.000
431.748	1059.000
431.729	1058.000
431.709	1061.000
431.690	1071.000
431.671	1053.000
431.652	1068.000
431.632	1065.000
431.613	1056.000
431.594	1053.000
431.574	1045.000
431.555	1050.000
431.536	1067.000
431.516	1058.000
431.497	1050.000
431.478	1068.000
431.458	1060.000
431.439	1052.000
431.420	1055.000
431.400	1046.000
431.381	1060.000
431.362	1055.000
431.342	1058.000
431.323	1055.000
431.304	1064.000
431.284	1053.000
431.265	1063.000
431.246	1057.000
431.226	1053.000
431.207	1049.000
431.188	1040.000
431.168	1041.000
431.149	1046.000
431.130	1052.000
431.110	1040.000
431.091	1046.000
431.072	1051.000
431.052	1050.000
431.033	1047.000
431.014	1037.000
430.994	1052.000
430.975	1048.000
430.956	1051.000
430.936	1054.000
430.917	1037.000
430.898	1046.000
430.878	1046.000
430.859	1053.000
430.840	1043.000
430.820	1060.000
430.801	1041.000
430.781	1055.000
430.762	1041.000
430.743	1061.000
430.723	1043.000
430.704	1052.000
430.685	1048.000
430.665	1042.000
430.646	1042.000
430.627	1055.000
430.607	1062.000
430.588	1045.000
430.569	1068.000
430.549	1052.000
430.530	1051.000
430.511	1067.000
430.491	1056.000
430.472	1070.000
430.453	1048.000
430.433	1050.000
430.414	1038.000
430.395	1044.000
430.375	1048.000
430.356	1057.000
430.337	1038.000
430.317	1048.000
430.298	1043.000
430.279	1046.000
430.259	1048.000
430.240	1042.000
430.221	1044.000
430.201	1046.000
430.182	1049.000
430.162	1041.000
430.143	1046.000
430.124	1050.000
430.104	1057.000
430.085	1038.000
430.066	1034.000
