469.055	986.000
469.037	977.000
469.018	985.000
468.999	998.000
468.980	996.000
468.962	992.000
468.943	982.000
468.924	992.000
468.906	990.000
468.887	997.000
468.868	988.000
468.849	992.000
468.831	993.000
468.812	992.000
468.793	989.000
468.774	986.000
468.756	996.000
468.737	980.000
468.718	984.000
468.700	992.000
468.681	983.000
468.662	992.000
468.643	987.000
468.625	987.000
468.606	989.000
468.587	989.000
468.568	992.000
468.550	990.000
468.531	988.000
468.512	986.000
468.493	990.000
468.475	991.000
468.456	988.000
468.437	987.000
468.419	992.000
468.400	986.000
468.381	981.000
468.362	982.000
468.344	985.000
468.325	988.000
468.306	992.000
468.287	987.000
468.269	989.000
468.250	990.000
468.231	990.000
468.212	988.000
468.194	992.000
468.175	998.000
468.156	995.000
468.137	986.000
468.119	996.000
468.100	990.000
468.081	997.000
468.063	999.000
468.044	998.000
468.025	995.000
468.006	989.000
467.988	996.000
467.969	986.000
467.950	982.000
467.931	999.000
467.913	998.000
467.894	994.000
467.875	999.000
467.856	1015.000
467.838	1017.000
467.819	1031.000
467.800	1032.000
467.781	1022.000
467.763	1024.000
467.744	1026.000
467.725	1010.000
467.706	1013.000
467.688	1015.000
467.669	1003.000
467.650	997.000
467.631	1002.000
467.613	1003.000
467.594	995.000
467.575	1002.000
467.556	991.000
467.538	1000.000
467.519	993.000
467.500	994.000
467.481	1003.000
467.463	1002.000
467.444	991.000
467.425	997.000
467.406	996.000
467.388	991.000
467.369	999.000
467.350	999.000
467.331	991.000
467.313	1001.000
467.294	995.000
467.275	998.000
467.256	997.000
467.238	997.000
467.219	997.000
467.200	1005.000
467.181	997.000
467.163	989.000
467.144	1001.000
467.125	987.000
467.106	997.000
467.088	996.000
467.069	995.000
467.050	992.000
467.031	997.000
467.012	997.000
466.994	994.000
466.975	988.000
466.956	994.000
466.937	997.000
466.919	994.000
466.900	1001.000
466.881	998.000
466.862	1000.000
466.844	998.000
466.825	1004.000
466.806	999.000
466.787	999.000
466.769	1002.000
466.750	1001.000
466.731	1000.000
466.712	1005.000
466.694	999.000
466.675	1004.000
466.656	991.000
466.637	990.000
466.618	1008.000
466.600	1011.000
466.581	1004.000
466.562	996.000
466.543	1003.000
466.525	1000.000
466.506	1005.000
466.487	1003.000
466.468	1004.000
466.450	1009.000
466.431	1000.000
466.412	992.000
466.393	996.000
466.374	1005.000
466.356	989.000
466.337	1004.000
466.318	1011.000
466.299	1006.000
466.281	991.000
466.262	1008.000
466.243	1004.000
466.224	995.000
466.205	996.000
466.187	1003.000
466.168	1002.000
466.149	1000.000
466.130	999.000
466.112	1010.000
466.093	1006.000
466.074	1008.000
466.055	1002.000
466.037	998.000
466.018	1007.000
465.999	1005.000
465.980	1004.000
465.961	1004.000
465.943	1006.000
465.924	998.000
465.905	1008.000
465.886	1000.000
465.868	1000.000
465.849	1008.000
465.830	1002.000
465.811	1003.000
465.792	1004.000
465.774	1005.000
465.755	998.000
465.736	1002.000
465.717	1006.000
465.698	1008.000
465.680	994.000
465.661	1007.000
465.642	1007.000
465.623	1004.000
465.605	1012.000
465.586	998.000
465.567	1019.000
465.548	1004.000
465.529	1001.000
465.511	1013.000
465.492	996.000
465.473	998.000
465.454	1003.000
465.435	1004.000
465.417	1008.000
465.398	1005.000
465.379	1021.000
465.360	1008.000
465.342	1023.000
465.323	1012.000
465.304	1013.000
465.285	1008.000
465.266	1008.000
465.248	1019.000
465.229	1013.000
465.210	1017.000
465.191	1010.000
465.172	1006.000
465.154	1017.000
465.135	1007.000
465.116	1010.000
465.097	1003.000
465.078	1006.000
465.060	1006.000
465.041	1019.000
465.022	1018.000
465.003	1013.000
464.984	998.000
464.966	1009.000
464.947	1012.000
464.928	1010.000
464.909	1009.000
464.890	1016.000
464.872	1002.000
464.853	1002.000
464.834	1012.000
464.815	1021.000
464.796	1009.000
464.778	1017.000
464.759	1018.000
464.740	1015.000
464.721	1017.000
464.702	1020.000
464.684	1014.000
464.665	1013.000
464.646	1017.000
464.627	1016.000
464.608	1016.000
464.590	1016.000
464.571	1014.000
464.552	1023.000
464.533	1019.000
464.514	1015.000
464.496	1018.000
464.477	1022.000
464.458	1030.000
464.439	1018.000
464.420	1023.000
464.402	1017.000
464.383	1024.000
464.364	1016.000
464.345	1018.000
464.326	1009.000
464.308	1012.000
464.289	1017.000
464.270	1014.000
464.251	1015.000
464.232	1022.000
464.214	1023.000
464.195	1019.000
464.176	1012.000
464.157	1014.000
464.138	1036.000
464.120	1026.000
464.101	1023.000
464.082	1014.000
464.063	1017.000
464.044	1013.000
464.025	1012.000
464.007	1005.000
463.988	1035.000
463.969	1020.000
463.950	1017.000
463.931	1028.000
463.913	1020.000
463.894	1026.000
463.875	1014.000
463.856	1030.000
463.837	1022.000
463.819	1032.000
463.800	1017.000
463.781	1021.000
463.762	1028.000
463.743	1021.000
463.724	1036.000
463.706	1019.000
463.687	1028.000
463.668	1037.000
463.649	1026.000
463.630	1016.000
463.612	1010.000
463.593	1028.000
463.574	1025.000
463.555	1022.000
463.536	1023.000
463.517	1023.000
463.499	1018.000
463.480	1029.000
463.461	1024.000
463.442	1022.000
463.423	1029.000
463.404	1030.000
463.386	1026.000
463.367	1019.000
463.348	1033.000
463.329	1029.000
463.310	1025.000
463.292	1027.000
463.273	1024.000
463.254	1021.000
463.235	1027.000
463.216	1028.000
463.197	1034.000
463.179	1019.000
463.160	1014.000
463.141	1034.000
463.122	1025.000
463.103	1037.000
463.084	1024.000
463.066	1025.000
463.047	1027.000
463.028	1026.000
463.009	1022.000
462.990	1026.000
462.971	1043.000
462.953	1033.000
462.934	1028.000
462.915	1026.000
462.896	1036.000
462.877	1041.000
462.858	1024.000
462.840	1021.000
462.821	1040.000
462.802	1026.000
462.783	1020.000
462.764	1034.000
462.745	1034.000
462.727	1032.000
462.708	1030.000
462.689	1030.000
462.670	1033.000
462.651	1026.000
462.632	1051.000
462.614	1028.000
462.595	1033.000
462.576	1038.000
462.557	1037.000
462.538	1043.000
462.519	1030.000
462.501	1038.000
462.482	1034.000
462.463	1032.000
462.444	1032.000
462.425	1042.000
462.406	1036.000
462.388	1044.000
462.369	1036.000
462.350	1053.000
462.331	1038.000
462.312	1042.000
462.293	1036.000
462.274	1046.000
462.256	1039.000
462.237	1032.000
462.218	1046.000
462.199	1040.000
462.180	1041.000
462.161	1042.000
462.143	1045.000
462.124	1055.000
462.105	1046.000
462.086	1047.000
462.067	1056.000
462.048	1054.000
462.029	1052.000
462.011	1072.000
461.992	1077.000
461.973	1087.000
461.954	1101.000
461.935	1099.000
461.916	1123.000
461.898	1128.000
461.879	1113.000
461.860	1110.000
461.841	1107.000
461.822	1088.000
461.803	1084.000
461.784	1075.000
461.766	1054.000
461.747	1054.000
461.728	1061.000
461.709	1053.000
461.690	1064.000
461.671	1052.000
461.652	1058.000
461.634	1052.000
461.615	1047.000
461.596	1045.000
461.577	1055.000
461.558	1064.000
461.539	1052.000
461.521	1049.000
461.502	1050.000
461.483	1059.000
461.464	1047.000
461.445	1052.000
461.426	1058.000
461.407	1058.000
461.389	1049.000
461.370	1053.000
461.351	1044.000
461.332	1042.000
461.313	1052.000
461.294	1049.000
461.275	1050.000
461.256	1054.000
461.238	1052.000
461.219	1069.000
461.200	1050.000
461.181	1064.000
461.162	1045.000
461.143	1057.000
461.124	1054.000
461.106	1063.000
461.087	1046.000
461.068	1045.000
461.049	1054.000
461.030	1048.000
461.011	1065.000
460.992	1056.000
460.974	1052.000
460.955	1050.000
460.936	1060.000
460.917	1066.000
460.898	1067.000
460.879	1053.000
460.860	1068.000
460.841	1061.000
460.823	1058.000
460.804	1057.000
460.785	1053.000
460.766	1047.000
460.747	1055.000
460.728	1058.000
460.709	1055.000
460.691	1066.000
460.672	1066.000
460.653	1047.000
460.634	1053.000
460.615	1064.000
460.596	1063.000
460.577	1063.000
460.558	1074.000
460.540	1101.000
460.521	1107.000
460.502	1079.000
460.483	1072.000
460.464	1052.000
460.445	1051.000
460.426	1059.000
460.407	1060.000
460.389	1063.000
460.370	1066.000
460.351	1066.000
460.332	1065.000
460.313	1059.000
460.294	1070.000
460.275	1057.000
460.256	1071.000
460.238	1057.000
460.219	1064.000
460.200	1061.000
460.181	1056.000
460.162	1074.000
460.143	1070.000
460.124	1061.000
460.105	1063.000
460.087	1068.000
460.068	1077.000
460.049	1060.000
460.030	1064.000
460.011	1058.000
459.992	1062.000
459.973	1072.000
459.954	1076.000
459.935	1068.000
459.917	1073.000
459.898	1082.000
459.879	1066.000
459.860	1075.000
459.841	1072.000
459.822	1080.000
459.803	1074.000
459.784	1070.000
459.766	1075.000
459.747	1074.000
459.728	1075.000
459.709	1083.000
459.690	1070.000
459.671	1074.000
459.652	1083.000
459.633	1075.000
459.614	1074.000
459.596	1070.000
459.577	1072.000
459.558	1079.000
459.539	1078.000
459.520	1077.000
459.501	1090.000
459.482	1072.000
459.463	1073.000
459.444	1086.000
459.426	1091.000
459.407	1073.000
459.388	1089.000
459.369	1095.000
459.350	1079.000
459.331	1077.000
459.312	1091.000
459.293	1083.000
459.274	1073.000
459.255	1091.000
459.237	1097.000
459.218	1081.000
459.199	1086.000
459.180	1086.000
459.161	1076.000
459.142	1066.000
459.123	1085.000
459.104	1094.000
459.085	1091.000
459.067	1081.000
459.048	1085.000
459.029	1079.000
459.010	1090.000
458.991	1074.000
458.972	1088.000
458.953	1083.000
458.934	1077.000
458.915	1089.000
458.896	1084.000
458.878	1089.000
458.859	1079.000
458.840	1092.000
458.821	1089.000
458.802	1093.000
458.783	1088.000
458.764	1098.000
458.745	1102.000
458.726	1088.000
458.707	1095.000
458.688	1078.000
458.670	1091.000
458.651	1105.000
458.632	1094.000
458.613	1109.000
458.594	1099.000
458.575	1126.000
458.556	1126.000
458.537	1114.000
458.518	1090.000
458.499	1117.000
458.481	1092.000
458.462	1100.000
458.443	1115.000
458.424	1102.000
458.405	1100.000
458.386	1102.000
458.367	1123.000
458.348	1104.000
458.329	1105.000
458.310	1111.000
458.291	1090.000
458.273	1101.000
458.254	1101.000
458.235	1106.000
458.216	1104.000
458.197	1097.000
458.178	1115.000
458.159	1095.000
458.140	1104.000
458.121	1104.000
458.102	1116.000
458.083	1110.000
458.064	1105.000
458.046	1102.000
458.027	1116.000
458.008	1119.000
457.989	1106.000
457.970	1124.000
457.951	1105.000
457.932	1116.000
457.913	1114.000
457.894	1123.000
457.875	1119.000
457.856	1107.000
457.837	1105.000
457.819	1122.000
457.800	1093.000
457.781	1094.000
457.762	1102.000
457.743	1097.000
457.724	1122.000
457.705	1113.000
457.686	1112.000
457.667	1112.000
457.648	1128.000
457.629	1109.000
457.610	1112.000
457.591	1131.000
457.573	1128.000
457.554	1114.000
457.535	1130.000
457.516	1150.000
457.497	1130.000
457.478	1119.000
457.459	1124.000
457.440	1119.000
457.421	1130.000
457.402	1143.000
457.383	1119.000
457.364	1109.000
457.345	1129.000
457.327	1122.000
457.308	1118.000
457.289	1145.000
457.270	1123.000
457.251	1131.000
457.232	1142.000
457.213	1136.000
457.194	1120.000
457.175	1125.000
457.156	1154.000
457.137	1131.000
457.118	1135.000
457.099	1123.000
457.080	1128.000
457.062	1125.000
457.043	1147.000
457.024	1134.000
457.005	1147.000
456.986	1120.000
456.967	1133.000
456.948	1124.000
456.929	1130.000
456.910	1146.000
456.891	1134.000
456.872	1133.000
456.853	1144.000
456.834	1129.000
456.815	1141.000
456.796	1122.000
456.778	1155.000
456.759	1139.000
456.740	1157.000
456.721	1156.000
456.702	1131.000
456.683	1130.000
456.664	1125.000
456.645	1131.000
456.626	1140.000
456.607	1141.000
456.588	1159.000
456.569	1135.000
456.550	1153.000
456.531	1155.000
456.512	1146.000
456.493	1147.000
456.474	1157.000
456.456	1158.000
456.437	1157.000
456.418	1155.000
456.399	1160.000
456.380	1157.000
456.361	1142.000
456.342	1147.000
456.323	1176.000
456.304	1156.000
456.285	1156.000
456.266	1153.000
456.247	1145.000
456.228	1155.000
456.209	1156.000
456.190	1156.000
456.171	1175.000
456.152	1158.000
456.133	1171.000
456.115	1148.000
456.096	1174.000
456.077	1154.000
456.058	1171.000
456.039	1172.000
456.020	1165.000
456.001	1169.000
455.982	1162.000
455.963	1173.000
455.944	1189.000
455.925	1186.000
455.906	1179.000
455.887	1170.000
455.868	1165.000
455.849	1177.000
455.830	1162.000
455.811	1182.000
455.792	1186.000
455.773	1175.000
455.754	1193.000
455.736	1180.000
455.717	1192.000
455.698	1166.000
455.679	1199.000
455.660	1197.000
455.641	1198.000
455.622	1197.000
455.603	1198.000
455.584	1213.000
455.565	1187.000
455.546	1226.000
455.527	1238.000
455.508	1368.000
455.489	1273.000
455.470	1236.000
455.451	1260.000
455.432	1258.000
455.413	1274.000
455.394	1279.000
455.375	1309.000
455.356	1324.000
455.337	1355.000
455.318	1350.000
455.300	1432.000
455.281	1472.000
455.262	1540.000
455.243	1642.000
455.224	1808.000
455.205	2042.000
455.186	2282.000
455.167	2590.000
455.148	2826.000
455.129	2922.000
455.110	2827.000
455.091	2522.000
455.072	2242.000
455.053	1942.000
455.034	1735.000
455.015	1642.000
454.996	1532.000
454.977	1468.000
454.958	1421.000
454.939	1365.000
454.920	1372.000
454.901	1305.000
454.882	1309.000
454.863	1289.000
454.844	1271.000
454.825	1275.000
454.806	1251.000
454.787	1248.000
454.768	1252.000
454.750	1230.000
454.731	1242.000
454.712	1236.000
454.693	1240.000
454.674	1226.000
454.655	1234.000
454.636	1209.000
454.617	1222.000
454.598	1221.000
454.579	1214.000
454.560	1221.000
454.541	1218.000
454.522	1227.000
454.503	1218.000
454.484	1200.000
454.465	1238.000
454.446	1232.000
454.427	1213.000
454.408	1228.000
454.389	1231.000
454.370	1228.000
454.351	1211.000
454.332	1199.000
454.313	1223.000
454.294	1209.000
454.275	1210.000
454.256	1213.000
454.237	1193.000
454.218	1213.000
454.199	1203.000
454.180	1196.000
454.161	1196.000
454.142	1246.000
454.123	1206.000
454.104	1232.000
454.085	1237.000
454.066	1220.000
454.047	1244.000
454.028	1216.000
454.009	1207.000
453.990	1229.000
453.971	1207.000
453.952	1213.000
453.933	1203.000
453.915	1223.000
453.896	1245.000
453.877	1206.000
453.858	1222.000
453.839	1233.000
453.820	1249.000
453.801	1219.000
453.782	1221.000
453.763	1221.000
453.744	1231.000
453.725	1212.000
453.706	1219.000
453.687	1212.000
453.668	1232.000
453.649	1216.000
453.630	1219.000
453.611	1244.000
453.592	1226.000
453.573	1221.000
453.554	1215.000
453.535	1227.000
453.516	1242.000
453.497	1246.000
453.478	1253.000
453.459	1233.000
453.440	1215.000
453.421	1237.000
453.402	1233.000
453.383	1208.000
453.364	1218.000
453.345	1223.000
453.326	1227.000
453.307	1246.000
453.288	1242.000
453.269	1244.000
453.250	1246.000
453.231	1213.000
453.212	1225.000
453.193	1235.000
453.174	1238.000
453.155	1264.000
453.136	1252.000
453.117	1245.000
453.098	1233.000
453.079	1232.000
453.060	1259.000
453.041	1253.000
453.022	1233.000
453.003	1222.000
452.984	1257.000
452.965	1243.000
452.946	1228.000
452.927	1237.000
452.908	1236.000
452.889	1266.000
452.870	1239.000
452.851	1249.000
452.832	1268.000
452.813	1246.000
452.794	1245.000
452.775	1264.000
452.756	1245.000
452.737	1258.000
452.718	1246.000
452.699	1252.000
452.680	1288.000
452.661	1259.000
452.642	1277.000
452.623	1238.000
452.604	1268.000
452.585	1261.000
452.566	1232.000
452.547	1260.000
452.528	1255.000
452.509	1238.000
452.490	1259.000
452.471	1271.000
452.452	1260.000
452.433	1273.000
452.414	1255.000
452.395	1256.000
452.376	1273.000
452.357	1240.000
452.338	1276.000
452.319	1261.000
452.300	1279.000
452.281	1250.000
452.262	1263.000
452.243	1270.000
452.224	1264.000
452.205	1260.000
452.186	1278.000
452.167	1262.000
452.148	1277.000
452.129	1264.000
452.110	1270.000
452.091	1268.000
452.072	1261.000
452.053	1297.000
452.034	1281.000
452.015	1289.000
451.996	1271.000
451.976	1271.000
451.957	1292.000
451.938	1267.000
451.919	1291.000
451.900	1272.000
451.881	1288.000
451.862	1276.000
451.843	1286.000
451.824	1281.000
451.805	1298.000
451.786	1281.000
451.767	1289.000
451.748	1278.000
451.729	1275.000
451.710	1266.000
451.691	1287.000
451.672	1291.000
451.653	1295.000
451.634	1288.000
451.615	1277.000
451.596	1299.000
451.577	1297.000
451.558	1313.000
451.539	1287.000
451.520	1274.000
451.501	1298.000
451.482	1284.000
451.463	1291.000
451.444	1281.000
451.425	1298.000
451.406	1306.000
451.387	1290.000
451.368	1302.000
451.349	1313.000
451.330	1289.000
451.311	1299.000
451.292	1304.000
451.273	1319.000
451.254	1294.000
451.235	1291.000
451.216	1298.000
451.197	1270.000
451.178	1304.000
451.159	1325.000
451.140	1284.000
451.120	1326.000
451.101	1290.000
451.082	1309.000
451.063	1294.000
451.044	1337.000
451.025	1316.000
451.006	1304.000
450.987	1308.000
450.968	1312.000
450.949	1320.000
450.930	1306.000
450.911	1313.000
450.892	1289.000
450.873	1316.000
450.854	1332.000
450.835	1324.000
450.816	1308.000
450.797	1322.000
450.778	1302.000
450.759	1327.000
450.740	1336.000
450.721	1299.000
450.702	1332.000
450.683	1301.000
450.664	1345.000
450.645	1320.000
450.626	1348.000
450.607	1337.000
450.588	1345.000
450.568	1335.000
450.549	1342.000
450.530	1345.000
450.511	1312.000
450.492	1331.000
450.473	1325.000
450.454	1328.000
450.435	1348.000
450.416	1321.000
450.397	1301.000
450.378	1316.000
450.359	1316.000
450.340	1322.000
450.321	1327.000
450.302	1320.000
450.283	1335.000
450.264	1340.000
450.245	1339.000
450.226	1329.000
450.207	1337.000
450.188	1353.000
450.169	1308.000
450.150	1344.000
450.131	1355.000
450.111	1320.000
450.092	1330.000
450.073	1358.000
450.054	1344.000
450.035	1335.000
450.016	1364.000
449.997	1352.000
449.978	1356.000
449.959	1317.000
449.940	1352.000
449.921	1352.000
449.902	1338.000
449.883	1355.000
449.864	1347.000
449.845	1352.000
449.826	1342.000
449.807	1348.000
449.788	1351.000
449.769	1357.000
449.750	1379.000
449.730	1355.000
449.711	1369.000
449.692	1379.000
449.673	1359.000
449.654	1378.000
449.635	1370.000
449.616	1347.000
449.597	1368.000
449.578	1379.000
449.559	1356.000
449.540	1351.000
449.521	1356.000
449.502	1364.000
449.483	1392.000
449.464	1382.000
449.445	1341.000
449.426	1358.000
449.407	1363.000
449.387	1395.000
449.368	1355.000
449.349	1372.000
449.330	1374.000
449.311	1340.000
449.292	1366.000
449.273	1363.000
449.254	1392.000
449.235	1378.000
449.216	1361.000
449.197	1386.000
449.178	1375.000
449.159	1377.000
449.140	1378.000
449.121	1380.000
449.102	1380.000
449.083	1382.000
449.063	1380.000
449.044	1382.000
449.025	1399.000
449.006	1415.000
448.987	1398.000
448.968	1375.000
448.949	1364.000
448.930	1391.000
448.911	1392.000
448.892	1394.000
448.873	1417.000
448.854	1401.000
448.835	1380.000
448.816	1377.000
448.797	1399.000
448.777	1400.000
448.758	1372.000
448.739	1387.000
448.720	1364.000
448.701	1383.000
448.682	1399.000
448.663	1408.000
448.644	1409.000
448.625	1383.000
448.606	1419.000
448.587	1370.000
448.568	1394.000
448.549	1414.000
448.530	1376.000
448.511	1412.000
448.491	1422.000
448.472	1402.000
448.453	1406.000
448.434	1396.000
448.415	1372.000
448.396	1399.000
448.377	1394.000
448.358	1410.000
448.339	1388.000
448.320	1411.000
448.301	1419.000
448.282	1391.000
448.263	1421.000
448.243	1403.000
448.224	1409.000
448.205	1426.000
448.186	1375.000
448.167	1380.000
448.148	1414.000
448.129	1392.000
448.110	1398.000
448.091	1426.000
448.072	1421.000
448.053	1401.000
448.034	1428.000
448.015	1422.000
447.995	1423.000
447.976	1402.000
447.957	1426.000
447.938	1424.000
447.919	1419.000
447.900	1426.000
447.881	1411.000
447.862	1421.000
447.843	1418.000
447.824	1407.000
447.805	1423.000
447.786	1443.000
447.766	1416.000
447.747	1433.000
447.728	1419.000
447.709	1448.000
447.690	1407.000
447.671	1430.000
447.652	1409.000
447.633	1400.000
447.614	1402.000
447.595	1430.000
447.576	1396.000
447.557	1448.000
447.537	1426.000
447.518	1415.000
447.499	1435.000
447.480	1419.000
447.461	1436.000
447.442	1419.000
447.423	1457.000
447.404	1433.000
447.385	1407.000
447.366	1452.000
447.347	1430.000
447.327	1448.000
447.308	1425.000
447.289	1445.000
447.270	1423.000
447.251	1438.000
447.232	1430.000
447.213	1431.000
447.194	1444.000
447.175	1433.000
447.156	1455.000
447.137	1458.000
447.117	1446.000
447.098	1430.000
447.079	1453.000
447.060	1441.000
447.041	1468.000
447.022	1459.000
447.003	1427.000
446.984	1452.000
446.965	1420.000
446.946	1460.000
446.926	1469.000
446.907	1438.000
446.888	1467.000
446.869	1450.000
446.850	1440.000
446.831	1451.000
446.812	1431.000
446.793	1490.000
446.774	1474.000
446.755	1429.000
446.736	1460.000
446.716	1480.000
446.697	1466.000
446.678	1490.000
446.659	1466.000
446.640	1467.000
446.621	1467.000
446.602	1480.000
446.583	1475.000
446.564	1507.000
446.544	1457.000
446.525	1445.000
446.506	1468.000
446.487	1461.000
446.468	1468.000
446.449	1501.000
446.430	1493.000
446.411	1465.000
446.392	1495.000
446.373	1489.000
446.353	1517.000
446.334	1490.000
446.315	1486.000
446.296	1494.000
446.277	1513.000
446.258	1501.000
446.239	1504.000
446.220	1506.000
446.201	1511.000
446.181	1498.000
446.162	1512.000
446.143	1483.000
446.124	1536.000
446.105	1486.000
446.086	1507.000
446.067	1506.000
446.048	1535.000
446.029	1562.000
446.009	1542.000
445.990	1531.000
445.971	1590.000
445.952	1580.000
445.933	1558.000
445.914	1616.000
445.895	1588.000
445.876	1609.000
445.857	1622.000
445.837	1645.000
445.818	1688.000
445.799	1701.000
445.780	1728.000
445.761	1771.000
445.742	1833.000
445.723	1873.000
445.704	1994.000
445.685	2076.000
445.665	2204.000
445.646	2404.000
445.627	2598.000
445.608	2914.000
445.589	3299.000
445.570	3885.000
445.551	4396.000
445.532	4742.000
445.512	4830.000
445.493	4617.000
445.474	4161.000
445.455	3599.000
445.436	3140.000
445.417	2772.000
445.398	2465.000
445.379	2264.000
445.360	2084.000
445.340	1978.000
445.321	1890.000
445.302	1804.000
445.283	1723.000
445.264	1714.000
445.245	1653.000
445.226	1645.000
445.207	1628.000
445.187	1619.000
445.168	1582.000
445.149	1559.000
445.130	1553.000
445.111	1562.000
445.092	1549.000
445.073	1506.000
445.054	1558.000
445.034	1530.000
445.015	1499.000
444.996	1499.000
444.977	1512.000
444.958	1509.000
444.939	1523.000
444.920	1500.000
444.901	1504.000
444.881	1507.000
444.862	1487.000
444.843	1482.000
444.824	1492.000
444.805	1491.000
444.786	1461.000
444.767	1483.000
444.747	1441.000
444.728	1482.000
444.709	1482.000
444.690	1463.000
444.671	1493.000
444.652	1471.000
444.633	1475.000
444.614	1485.000
444.594	1461.000
444.575	1461.000
444.556	1470.000
444.537	1467.000
444.518	1481.000
444.499	1470.000
444.480	1491.000
444.460	1463.000
444.441	1444.000
444.422	1468.000
444.403	1440.000
444.384	1480.000
444.365	1480.000
444.346	1484.000
444.327	1467.000
444.307	1464.000
444.288	1436.000
444.269	1471.000
444.250	1464.000
444.231	1467.000
444.212	1476.000
444.193	1485.000
444.173	1472.000
444.154	1468.000
444.135	1456.000
444.116	1442.000
444.097	1467.000
444.078	1453.000
444.059	1481.000
444.039	1456.000
444.020	1466.000
444.001	1456.000
443.982	1462.000
443.963	1451.000
443.944	1467.000
443.925	1465.000
443.905	1472.000
443.886	1470.000
443.867	1464.000
443.848	1469.000
443.829	1473.000
443.810	1459.000
443.791	1459.000
443.771	1446.000
443.752	1467.000
443.733	1484.000
443.714	1447.000
443.695	1439.000
443.676	1480.000
443.657	1434.000
443.637	1458.000
443.618	1467.000
443.599	1455.000
443.580	1472.000
443.561	1470.000
443.542	1442.000
443.522	1474.000
443.503	1441.000
443.484	1472.000
443.465	1462.000
443.446	1454.000
443.427	1461.000
443.408	1450.000
443.388	1453.000
443.369	1436.000
443.350	1452.000
443.331	1440.000
443.312	1458.000
443.293	1442.000
443.273	1427.000
443.254	1462.000
443.235	1458.000
443.216	1481.000
443.197	1463.000
443.178	1440.000
443.159	1462.000
443.139	1463.000
443.120	1466.000
443.101	1449.000
443.082	1477.000
443.063	1465.000
443.044	1470.000
443.024	1430.000
443.005	1447.000
442.986	1429.000
442.967	1450.000
442.948	1461.000
442.929	1454.000
442.910	1456.000
442.890	1452.000
442.871	1440.000
442.852	1443.000
442.833	1455.000
442.814	1459.000
442.795	1439.000
442.775	1456.000
442.756	1445.000
442.737	1452.000
442.718	1478.000
442.699	1453.000
442.680	1435.000
442.660	1459.000
442.641	1474.000
442.622	1452.000
442.603	1447.000
442.584	1437.000
442.565	1480.000
442.545	1456.000
442.526	1427.000
442.507	1437.000
442.488	1453.000
442.469	1440.000
442.450	1448.000
442.430	1447.000
442.411	1425.000
442.392	1430.000
442.373	1441.000
442.354	1437.000
442.335	1448.000
442.315	1441.000
442.296	1435.000
442.277	1434.000
442.258	1429.000
442.239	1437.000
442.220	1455.000
442.200	1414.000
442.181	1466.000
442.162	1452.000
442.143	1447.000
442.124	1436.000
442.105	1431.000
442.085	1422.000
442.066	1421.000
442.047	1435.000
442.028	1437.000
442.009	1419.000
441.990	1455.000
441.970	1437.000
441.951	1401.000
441.932	1428.000
441.913	1441.000
441.894	1423.000
441.874	1407.000
441.855	1459.000
441.836	1440.000
441.817	1431.000
441.798	1432.000
441.779	1414.000
441.759	1438.000
441.740	1445.000
441.721	1449.000
441.702	1394.000
441.683	1442.000
441.664	1400.000
441.644	1424.000
441.625	1434.000
441.606	1427.000
441.587	1444.000
441.568	1450.000
441.548	1441.000
441.529	1397.000
441.510	1425.000
441.491	1418.000
441.472	1462.000
441.453	1423.000
441.433	1416.000
441.414	1428.000
441.395	1398.000
441.376	1459.000
441.357	1416.000
441.337	1418.000
441.318	1455.000
441.299	1423.000
441.280	1429.000
441.261	1436.000
441.241	1417.000
441.222	1417.000
441.203	1425.000
441.184	1428.000
441.165	1417.000
441.146	1413.000
441.126	1412.000
441.107	1417.000
441.088	1425.000
441.069	1411.000
441.050	1417.000
441.030	1413.000
441.011	1413.000
440.992	1414.000
440.973	1457.000
440.954	1415.000
440.934	1408.000
440.915	1433.000
440.896	1427.000
440.877	1427.000
440.858	1395.000
440.839	1400.000
440.819	1423.000
440.800	1416.000
440.781	1405.000
440.762	1411.000
440.743	1411.000
440.723	1432.000
440.704	1422.000
440.685	1414.000
440.666	1430.000
440.647	1414.000
440.627	1411.000
440.608	1402.000
440.589	1413.000
440.570	1367.000
440.551	1409.000
440.531	1405.000
440.512	1440.000
440.493	1428.000
440.474	1415.000
440.455	1408.000
440.435	1429.000
440.416	1443.000
440.397	1394.000
440.378	1396.000
440.359	1421.000
440.339	1398.000
440.320	1410.000
440.301	1415.000
440.282	1425.000
440.263	1434.000
440.243	1380.000
440.224	1408.000
440.205	1410.000
440.186	1416.000
440.167	1401.000
440.147	1399.000
440.128	1395.000
440.109	1385.000
440.090	1410.000
440.071	1422.000
440.051	1383.000
440.032	1396.000
440.013	1391.000
439.994	1402.000
439.975	1410.000
439.955	1409.000
439.936	1402.000
439.917	1410.000
439.898	1392.000
439.879	1390.000
439.859	1396.000
439.840	1419.000
439.821	1375.000
439.802	1402.000
439.783	1417.000
439.763	1405.000
439.744	1408.000
439.725	1417.000
439.706	1421.000
439.687	1420.000
439.667	1389.000
439.648	1404.000
439.629	1406.000
439.610	1405.000
439.590	1389.000
439.571	1377.000
439.552	1396.000
439.533	1395.000
439.514	1383.000
439.494	1413.000
439.475	1396.000
439.456	1394.000
439.437	1380.000
439.418	1372.000
439.398	1374.000
439.379	1375.000
439.360	1380.000
439.341	1415.000
439.322	1411.000
439.302	1366.000
439.283	1397.000
439.264	1399.000
439.245	1370.000
439.225	1378.000
439.206	1378.000
439.187	1355.000
439.168	1409.000
439.149	1403.000
439.129	1398.000
439.110	1389.000
439.091	1370.000
439.072	1366.000
439.052	1383.000
439.033	1370.000
439.014	1388.000
438.995	1366.000
438.976	1396.000
438.956	1384.000
438.937	1367.000
438.918	1354.000
438.899	1345.000
438.879	1371.000
438.860	1384.000
438.841	1365.000
438.822	1376.000
438.803	1364.000
438.783	1389.000
438.764	1381.000
438.745	1363.000
438.726	1380.000
438.706	1368.000
438.687	1377.000
438.668	1378.000
438.649	1384.000
438.630	1362.000
438.610	1379.000
438.591	1369.000
438.572	1376.000
438.553	1368.000
438.533	1350.000
438.514	1368.000
438.495	1386.000
438.476	1369.000
438.457	1350.000
438.437	1367.000
438.418	1354.000
438.399	1341.000
438.380	1376.000
438.360	1361.000
438.341	1357.000
438.322	1364.000
438.303	1366.000
438.283	1361.000
438.264	1370.000
438.245	1376.000
438.226	1353.000
438.207	1369.000
438.187	1357.000
438.168	1334.000
438.149	1361.000
438.130	1348.000
438.110	1355.000
438.091	1329.000
438.072	1340.000
438.053	1341.000
438.033	1325.000
438.014	1336.000
437.995	1366.000
437.976	1337.000
437.957	1329.000
437.937	1369.000
437.918	1352.000
437.899	1347.000
437.880	1333.000
437.860	1354.000
437.841	1343.000
437.822	1348.000
437.803	1347.000
437.783	1342.000
437.764	1335.000
437.745	1320.000
437.726	1329.000
437.706	1345.000
437.687	1339.000
437.668	1342.000
437.649	1340.000
437.630	1322.000
437.610	1356.000
437.591	1416.000
437.572	1410.000
437.553	1376.000
437.533	1330.000
437.514	1335.000
437.495	1346.000
437.476	1347.000
437.456	1307.000
437.437	1318.000
437.418	1341.000
437.399	1328.000
437.379	1336.000
437.360	1337.000
437.341	1352.000
437.322	1326.000
437.302	1322.000
437.283	1338.000
437.264	1331.000
437.245	1348.000
437.225	1318.000
437.206	1339.000
437.187	1333.000
437.168	1320.000
437.148	1321.000
437.129	1314.000
437.110	1336.000
437.091	1326.000
437.071	1313.000
437.052	1330.000
437.033	1319.000
437.014	1316.000
436.994	1318.000
436.975	1315.000
436.956	1309.000
436.937	1295.000
436.917	1303.000
436.898	1304.000
436.879	1329.000
436.860	1318.000
436.840	1317.000
436.821	1296.000
436.802	1328.000
436.783	1326.000
436.763	1346.000
436.744	1377.000
436.725	1377.000
436.706	1345.000
436.686	1359.000
436.667	1362.000
436.648	1335.000
436.629	1333.000
436.609	1311.000
436.590	1307.000
436.571	1294.000
436.552	1297.000
436.532	1309.000
436.513	1313.000
436.494	1304.000
436.475	1281.000
436.455	1319.000
436.436	1336.000
436.417	1299.000
436.398	1318.000
436.378	1309.000
436.359	1304.000
436.340	1291.000
436.321	1293.000
436.301	1337.000
436.282	1311.000
436.263	1309.000
436.243	1301.000
436.224	1292.000
436.205	1289.000
436.186	1303.000
436.166	1279.000
436.147	1290.000
436.128	1302.000
436.109	1303.000
436.089	1282.000
436.070	1328.000
436.051	1305.000
436.032	1269.000
436.012	1288.000
435.993	1295.000
435.974	1271.000
435.955	1279.000
435.935	1279.000
435.916	1293.000
435.897	1264.000
435.877	1297.000
435.858	1279.000
435.839	1288.000
435.820	1280.000
435.800	1305.000
435.781	1286.000
435.762	1287.000
435.743	1264.000
435.723	1286.000
435.704	1283.000
435.685	1302.000
435.666	1269.000
435.646	1254.000
435.627	1281.000
435.608	1284.000
435.588	1291.000
435.569	1271.000
435.550	1269.000
435.531	1281.000
435.511	1277.000
435.492	1283.000
435.473	1264.000
435.454	1276.000
435.434	1280.000
435.415	1275.000
435.396	1262.000
435.376	1282.000
435.357	1280.000
435.338	1252.000
435.319	1259.000
435.299	1292.000
435.280	1266.000
435.261	1281.000
435.242	1272.000
435.222	1251.000
435.203	1239.000
435.184	1266.000
435.164	1251.000
435.145	1264.000
435.126	1257.000
435.107	1275.000
435.087	1278.000
435.068	1269.000
435.049	1269.000
435.030	1257.000
435.010	1266.000
434.991	1242.000
434.972	1262.000
434.952	1275.000
434.933	1261.000
434.914	1284.000
434.895	1254.000
434.875	1285.000
434.856	1286.000
434.837	1318.000
434.817	1338.000
434.798	1311.000
434.779	1271.000
434.760	1266.000
434.740	1244.000
434.721	1239.000
434.702	1260.000
434.682	1268.000
434.663	1266.000
434.644	1228.000
434.625	1242.000
434.605	1259.000
434.586	1246.000
434.567	1252.000
434.547	1274.000
434.528	1248.000
434.509	1249.000
434.490	1250.000
434.470	1257.000
434.451	1272.000
434.432	1419.000
434.412	1605.000
434.393	1537.000
434.374	1372.000
434.355	1250.000
434.335	1242.000
434.316	1253.000
434.297	1245.000
434.277	1254.000
434.258	1235.000
434.239	1255.000
434.220	1233.000
434.200	1220.000
434.181	1237.000
434.162	1234.000
434.142	1231.000
434.123	1233.000
434.104	1243.000
434.085	1224.000
434.065	1220.000
434.046	1233.000
434.027	1267.000
434.007	1255.000
433.988	1232.000
433.969	1225.000
433.949	1260.000
433.930	1226.000
433.911	1220.000
433.892	1233.000
433.872	1234.000
433.853	1224.000
433.834	1229.000
433.814	1228.000
433.795	1246.000
433.776	1235.000
433.757	1230.000
433.737	1245.000
433.718	1222.000
433.699	1224.000
433.679	1218.000
433.660	1218.000
433.641	1216.000
433.621	1230.000
433.602	1211.000
433.583	1237.000
433.564	1209.000
433.544	1224.000
433.525	1240.000
433.506	1225.000
433.486	1231.000
433.467	1244.000
433.448	1218.000
433.428	1222.000
433.409	1222.000
433.390	1205.000
433.371	1199.000
433.351	1217.000
433.332	1228.000
433.313	1216.000
433.293	1205.000
433.274	1231.000
433.255	1211.000
433.235	1218.000
433.216	1220.000
433.197	1215.000
433.177	1207.000
433.158	1206.000
433.139	1191.000
433.120	1208.000
433.100	1199.000
433.081	1222.000
433.062	1210.000
433.042	1225.000
433.023	1227.000
433.004	1204.000
432.984	1216.000
432.965	1201.000
432.946	1199.000
432.927	1201.000
432.907	1189.000
432.888	1198.000
432.869	1213.000
432.849	1190.000
432.830	1220.000
432.811	1278.000
432.791	1272.000
432.772	1247.000
432.753	1261.000
432.733	1440.000
432.714	1553.000
432.695	1413.000
432.675	1270.000
432.656	1228.000
432.637	1189.000
432.618	1196.000
432.598	1185.000
432.579	1194.000
432.560	1178.000
432.540	1198.000
432.521	1205.000
432.502	1191.000
432.482	1203.000
432.463	1181.000
432.444	1197.000
432.424	1201.000
432.405	1187.000
432.386	1198.000
432.366	1211.000
432.347	1192.000
432.328	1193.000
432.308	1180.000
432.289	1187.000
432.270	1189.000
432.251	1186.000
432.231	1173.000
432.212	1176.000
432.193	1190.000
432.173	1193.000
432.154	1166.000
432.135	1181.000
432.115	1185.000
432.096	1194.000
432.077	1183.000
432.057	1173.000
432.038	1174.000
432.019	1169.000
431.999	1185.000
431.980	1188.000
431.961	1209.000
431.941	1169.000
431.922	1164.000
431.903	1166.000
431.883	1167.000
431.864	1167.000
431.845	1170.000
431.825	1181.000
431.806	1160.000
431.787	1174.000
431.767	1177.000
431.748	1166.000
431.729	1154.000
431.709	1167.000
431.690	1173.000
431.671	1174.000
431.652	1170.000
431.632	1159.000
431.613	1146.000
431.594	1173.000
431.574	1181.000
431.555	1153.000
431.536	1182.000
431.516	1158.000
431.497	1167.000
431.478	1147.000
431.458	1152.000
431.439	1170.000
431.420	1162.000
431.400	1159.000
431.381	1153.000
431.362	1168.000
431.342	1152.000
431.323	1161.000
431.304	1140.000
431.284	1172.000
431.265	1148.000
431.246	1158.000
431.226	1145.000
431.207	1163.000
431.188	1162.000
431.168	1154.000
431.149	1145.000
431.130	1143.000
431.110	1153.000
431.091	1147.000
431.072	1129.000
431.052	1152.000
431.033	1156.000
431.014	1152.000
430.994	1148.000
430.975	1155.000
430.956	1144.000
430.936	1150.000
430.917	1157.000
430.898	1157.000
430.878	1132.000
430.859	1154.000
430.840	1152.000
430.820	1147.000
430.801	1142.000
430.781	1151.000
430.762	1132.000
430.743	1148.000
430.723	1157.000
430.704	1161.000
430.685	1150.000
430.665	1143.000
430.646	1138.000
430.627	1142.000
430.607	1148.000
430.588	1152.000
430.569	1145.000
430.549	1153.000
430.530	1167.000
430.511	1193.000
430.491	1178.000
430.472	1158.000
430.453	1144.000
430.433	1150.000
430.414	1156.000
430.395	1126.000
430.375	1140.000
430.356	1156.000
430.337	1153.000
430.317	1159.000
430.298	1142.000
430.279	1152.000
430.259	1144.000
430.240	1152.000
430.221	1147.000
430.201	1141.000
430.182	1136.000
430.162	1152.000
430.143	1136.000
430.124	1143.000
430.104	1134.000
430.085	1141.000
430.066	1135.000
