469.055	1077.000
469.037	1045.000
469.018	1064.000
468.999	1077.000
468.980	1068.000
468.962	1062.000
468.943	1052.000
468.924	1065.000
468.906	1059.000
468.887	1067.000
468.868	1058.000
468.849	1062.000
468.831	1065.000
468.812	1064.000
468.793	1052.000
468.774	1059.000
468.756	1055.000
468.737	1069.000
468.718	1071.000
468.700	1063.000
468.681	1054.000
468.662	1075.000
468.643	1063.000
468.625	1052.000
468.606	1069.000
468.587	1061.000
468.568	1066.000
468.550	1073.000
468.531	1060.000
468.512	1063.000
468.493	1063.000
468.475	1064.000
468.456	1059.000
468.437	1073.000
468.419	1068.000
468.400	1070.000
468.381	1068.000
468.362	1064.000
468.344	1052.000
468.325	1069.000
468.306	1070.000
468.287	1080.000
468.269	1056.000
468.250	1054.000
468.231	1077.000
468.212	1068.000
468.194	1059.000
468.175	1057.000
468.156	1060.000
468.137	1090.000
468.119	1070.000
468.100	1059.000
468.081	1064.000
468.063	1060.000
468.044	1078.000
468.025	1083.000
468.006	1081.000
467.988	1077.000
467.969	1082.000
467.950	1074.000
467.931	1081.000
467.913	1072.000
467.894	1095.000
467.875	1110.000
467.856	1098.000
467.838	1127.000
467.819	1146.000
467.800	1156.000
467.781	1153.000
467.763	1158.000
467.744	1131.000
467.725	1139.000
467.706	1130.000
467.688	1102.000
467.669	1116.000
467.650	1101.000
467.631	1097.000
467.613	1094.000
467.594	1100.000
467.575	1105.000
467.556	1095.000
467.538	1098.000
467.519	1083.000
467.500	1093.000
467.481	1097.000
467.463	1093.000
467.444	1089.000
467.425	1073.000
467.406	1094.000
467.388	1087.000
467.369	1084.000
467.350	1084.000
467.331	1100.000
467.313	1092.000
467.294	1089.000
467.275	1096.000
467.256	1088.000
467.238	1085.000
467.219	1095.000
467.200	1098.000
467.181	1081.000
467.163	1082.000
467.144	1101.000
467.125	1093.000
467.106	1069.000
467.088	1106.000
467.069	1105.000
467.050	1097.000
467.031	1100.000
467.012	1087.000
466.994	1069.000
466.975	1082.000
466.956	1084.000
466.937	1105.000
466.919	1088.000
466.900	1097.000
466.881	1095.000
466.862	1099.000
466.844	1085.000
466.825	1106.000
466.806	1114.000
466.787	1109.000
466.769	1100.000
466.750	1103.000
466.731	1093.000
466.712	1085.000
466.694	1095.000
466.675	1109.000
466.656	1093.000
466.637	1099.000
466.618	1100.000
466.600	1099.000
466.581	1088.000
466.562	1094.000
466.543	1107.000
466.525	1109.000
466.506	1116.000
466.487	1105.000
466.468	1114.000
466.450	1119.000
466.431	1116.000
466.412	1088.000
466.393	1106.000
466.374	1113.000
466.356	1103.000
466.337	1098.000
466.318	1099.000
466.299	1103.000
466.281	1100.000
466.262	1104.000
466.243	1105.000
466.224	1116.000
466.205	1111.000
466.187	1120.000
466.168	1096.000
466.149	1107.000
466.130	1120.000
466.112	1108.000
466.093	1111.000
466.074	1125.000
466.055	1125.000
466.037	1138.000
466.018	1096.000
465.999	1105.000
465.980	1114.000
465.961	1119.000
465.943	1105.000
465.924	1117.000
465.905	1121.000
465.886	1127.000
465.868	1110.000
465.849	1103.000
465.830	1133.000
465.811	1116.000
465.792	1105.000
465.774	1118.000
465.755	1118.000
465.736	1115.000
465.717	1124.000
465.698	1111.000
465.680	1098.000
465.661	1121.000
465.642	1105.000
465.623	1116.000
465.605	1118.000
465.586	1107.000
465.567	1129.000
465.548	1116.000
465.529	1114.000
465.511	1128.000
465.492	1124.000
465.473	1134.000
465.454	1123.000
465.435	1116.000
465.417	1107.000
465.398	1123.000
465.379	1129.000
465.360	1122.000
465.342	1124.000
465.323	1138.000
465.304	1121.000
465.285	1155.000
465.266	1122.000
465.248	1128.000
465.229	1123.000
465.210	1151.000
465.191	1133.000
465.172	1127.000
465.154	1127.000
465.135	1137.000
465.116	1124.000
465.097	1138.000
465.078	1134.000
465.060	1142.000
465.041	1136.000
465.022	1140.000
465.003	1123.000
464.984	1127.000
464.966	1131.000
464.947	1135.000
464.928	1128.000
464.909	1126.000
464.890	1124.000
464.872	1142.000
464.853	1132.000
464.834	1149.000
464.815	1140.000
464.796	1149.000
464.778	1139.000
464.759	1142.000
464.740	1144.000
464.721	1140.000
464.702	1148.000
464.684	1132.000
464.665	1140.000
464.646	1137.000
464.627	1170.000
464.608	1152.000
464.590	1153.000
464.571	1139.000
464.552	1157.000
464.533	1152.000
464.514	1144.000
464.496	1142.000
464.477	1149.000
464.458	1154.000
464.439	1139.000
464.420	1164.000
464.402	1152.000
464.383	1162.000
464.364	1159.000
464.345	1159.000
464.326	1164.000
464.308	1151.000
464.289	1177.000
464.270	1161.000
464.251	1151.000
464.232	1160.000
464.214	1155.000
464.195	1157.000
464.176	1161.000
464.157	1160.000
464.138	1168.000
464.120	1146.000
464.101	1154.000
464.082	1145.000
464.063	1157.000
464.044	1153.000
464.025	1144.000
464.007	1156.000
463.988	1152.000
463.969	1165.000
463.950	1152.000
463.931	1143.000
463.913	1152.000
463.894	1175.000
463.875	1162.000
463.856	1142.000
463.837	1164.000
463.819	1160.000
463.800	1150.000
463.781	1187.000
463.762	1155.000
463.743	1171.000
463.724	1164.000
463.706	1170.000
463.687	1174.000
463.668	1151.000
463.649	1151.000
463.630	1165.000
463.612	1170.000
463.593	1157.000
463.574	1169.000
463.555	1172.000
463.536	1155.000
463.517	1158.000
463.499	1173.000
463.480	1187.000
463.461	1183.000
463.442	1180.000
463.423	1168.000
463.404	1177.000
463.386	1181.000
463.367	1189.000
463.348	1150.000
463.329	1183.000
463.310	1189.000
463.292	1190.000
463.273	1170.000
463.254	1184.000
463.235	1183.000
463.216	1159.000
463.197	1174.000
463.179	1169.000
463.160	1193.000
463.141	1187.000
463.122	1183.000
463.103	1206.000
463.084	1192.000
463.066	1187.000
463.047	1185.000
463.028	1185.000
463.009	1166.000
462.990	1205.000
462.971	1200.000
462.953	1179.000
462.934	1184.000
462.915	1200.000
462.896	1188.000
462.877	1194.000
462.858	1186.000
462.840	1190.000
462.821	1191.000
462.802	1211.000
462.783	1184.000
462.764	1202.000
462.745	1190.000
462.727	1196.000
462.708	1193.000
462.689	1194.000
462.670	1207.000
462.651	1195.000
462.632	1198.000
462.614	1206.000
462.595	1205.000
462.576	1192.000
462.557	1197.000
462.538	1208.000
462.519	1209.000
462.501	1194.000
462.482	1229.000
462.463	1205.000
462.444	1191.000
462.425	1208.000
462.406	1246.000
462.388	1220.000
462.369	1205.000
462.350	1211.000
462.331	1204.000
462.312	1221.000
462.293	1218.000
462.274	1205.000
462.256	1200.000
462.237	1222.000
462.218	1236.000
462.199	1212.000
462.180	1218.000
462.161	1221.000
462.143	1224.000
462.124	1213.000
462.105	1228.000
462.086	1233.000
462.067	1230.000
462.048	1253.000
462.029	1224.000
462.011	1243.000
461.992	1277.000
461.973	1283.000
461.954	1265.000
461.935	1350.000
461.916	1348.000
461.898	1344.000
461.879	1375.000
461.860	1358.000
461.841	1347.000
461.822	1347.000
461.803	1320.000
461.784	1319.000
461.766	1279.000
461.747	1265.000
461.728	1257.000
461.709	1266.000
461.690	1258.000
461.671	1259.000
461.652	1239.000
461.634	1262.000
461.615	1269.000
461.596	1248.000
461.577	1263.000
461.558	1255.000
461.539	1252.000
461.521	1239.000
461.502	1266.000
461.483	1281.000
461.464	1255.000
461.445	1255.000
461.426	1253.000
461.407	1237.000
461.389	1228.000
461.370	1262.000
461.351	1257.000
461.332	1265.000
461.313	1239.000
461.294	1257.000
461.275	1253.000
461.256	1237.000
461.238	1244.000
461.219	1247.000
461.200	1245.000
461.181	1263.000
461.162	1267.000
461.143	1240.000
461.124	1237.000
461.106	1257.000
461.087	1248.000
461.068	1274.000
461.049	1260.000
461.030	1294.000
461.011	1271.000
460.992	1265.000
460.974	1254.000
460.955	1273.000
460.936	1300.000
460.917	1266.000
460.898	1284.000
460.879	1257.000
460.860	1259.000
460.841	1273.000
460.823	1251.000
460.804	1282.000
460.785	1267.000
460.766	1264.000
460.747	1280.000
460.728	1264.000
460.709	1267.000
460.691	1275.000
460.672	1275.000
460.653	1272.000
460.634	1289.000
460.615	1258.000
460.596	1305.000
460.577	1275.000
460.558	1289.000
460.540	1309.000
460.521	1353.000
460.502	1338.000
460.483	1310.000
460.464	1285.000
460.445	1288.000
460.426	1282.000
460.407	1276.000
460.389	1282.000
460.370	1303.000
460.351	1293.000
460.332	1264.000
460.313	1281.000
460.294	1298.000
460.275	1307.000
460.256	1306.000
460.238	1289.000
460.219	1284.000
460.200	1302.000
460.181	1298.000
460.162	1275.000
460.143	1308.000
460.124	1304.000
460.105	1304.000
460.087	1308.000
460.068	1323.000
460.049	1306.000
460.030	1325.000
460.011	1303.000
459.992	1312.000
459.973	1304.000
459.954	1319.000
459.935	1283.000
459.917	1313.000
459.898	1300.000
459.879	1309.000
459.860	1327.000
459.841	1308.000
459.822	1335.000
459.803	1309.000
459.784	1305.000
459.766	1279.000
459.747	1331.000
459.728	1317.000
459.709	1347.000
459.690	1329.000
459.671	1303.000
459.652	1318.000
459.633	1337.000
459.614	1335.000
459.596	1317.000
459.577	1307.000
459.558	1317.000
459.539	1351.000
459.520	1311.000
459.501	1321.000
459.482	1332.000
459.463	1342.000
459.444	1342.000
459.426	1324.000
459.407	1313.000
459.388	1349.000
459.369	1302.000
459.350	1333.000
459.331	1335.000
459.312	1343.000
459.293	1360.000
459.274	1339.000
459.255	1334.000
459.237	1339.000
459.218	1364.000
459.199	1329.000
459.180	1324.000
459.161	1345.000
459.142	1364.000
459.123	1322.000
459.104	1340.000
459.085	1350.000
459.067	1358.000
459.048	1333.000
459.029	1320.000
459.010	1322.000
458.991	1348.000
458.972	1367.000
458.953	1340.000
458.934	1345.000
458.915	1353.000
458.896	1340.000
458.878	1378.000
458.859	1349.000
458.840	1380.000
458.821	1407.000
458.802	1387.000
458.783	1349.000
458.764	1338.000
458.745	1375.000
458.726	1377.000
458.707	1382.000
458.688	1365.000
458.670	1370.000
458.651	1393.000
458.632	1398.000
458.613	1347.000
458.594	1369.000
458.575	1422.000
458.556	1422.000
458.537	1403.000
458.518	1392.000
458.499	1397.000
458.481	1398.000
458.462	1377.000
458.443	1395.000
458.424	1406.000
458.405	1381.000
458.386	1415.000
458.367	1399.000
458.348	1395.000
458.329	1405.000
458.310	1401.000
458.291	1387.000
458.273	1391.000
458.254	1392.000
458.235	1406.000
458.216	1403.000
458.197	1375.000
458.178	1398.000
458.159	1399.000
458.140	1376.000
458.121	1408.000
458.102	1393.000
458.083	1450.000
458.064	1412.000
458.046	1377.000
458.027	1413.000
458.008	1424.000
457.989	1422.000
457.970	1412.000
457.951	1439.000
457.932	1431.000
457.913	1423.000
457.894	1412.000
457.875	1377.000
457.856	1423.000
457.837	1440.000
457.819	1405.000
457.800	1439.000
457.781	1431.000
457.762	1450.000
457.743	1426.000
457.724	1440.000
457.705	1437.000
457.686	1427.000
457.667	1420.000
457.648	1433.000
457.629	1424.000
457.610	1432.000
457.591	1437.000
457.573	1420.000
457.554	1431.000
457.535	1472.000
457.516	1483.000
457.497	1458.000
457.478	1428.000
457.459	1458.000
457.440	1429.000
457.421	1443.000
457.402	1444.000
457.383	1453.000
457.364	1488.000
457.345	1444.000
457.327	1443.000
457.308	1403.000
457.289	1469.000
457.270	1460.000
457.251	1453.000
457.232	1437.000
457.213	1480.000
457.194	1486.000
457.175	1460.000
457.156	1452.000
457.137	1474.000
457.118	1474.000
457.099	1457.000
457.080	1440.000
457.062	1469.000
457.043	1468.000
457.024	1477.000
457.005	1472.000
456.986	1484.000
456.967	1472.000
456.948	1480.000
456.929	1489.000
456.910	1487.000
456.891	1496.000
456.872	1520.000
456.853	1508.000
456.834	1498.000
456.815	1509.000
456.796	1523.000
456.778	1486.000
456.759	1503.000
456.740	1478.000
456.721	1529.000
456.702	1490.000
456.683	1486.000
456.664	1514.000
456.645	1514.000
456.626	1540.000
456.607	1493.000
456.588	1511.000
456.569	1516.000
456.550	1497.000
456.531	1485.000
456.512	1496.000
456.493	1503.000
456.474	1558.000
456.456	1521.000
456.437	1482.000
456.418	1528.000
456.399	1511.000
456.380	1534.000
456.361	1528.000
456.342	1505.000
456.323	1546.000
456.304	1515.000
456.285	1509.000
456.266	1528.000
456.247	1552.000
456.228	1516.000
456.209	1501.000
456.190	1547.000
456.171	1545.000
456.152	1495.000
456.133	1537.000
456.115	1517.000
456.096	1522.000
456.077	1535.000
456.058	1525.000
456.039	1512.000
456.020	1547.000
456.001	1562.000
455.982	1541.000
455.963	1545.000
455.944	1570.000
455.925	1547.000
455.906	1547.000
455.887	1544.000
455.868	1545.000
455.849	1574.000
455.830	1553.000
455.811	1569.000
455.792	1549.000
455.773	1559.000
455.754	1609.000
455.736	1582.000
455.717	1584.000
455.698	1575.000
455.679	1595.000
455.660	1586.000
455.641	1600.000
455.622	1576.000
455.603	1612.000
455.584	1614.000
455.565	1632.000
455.546	1619.000
455.527	1644.000
455.508	1657.000
455.489	1601.000
455.470	1655.000
455.451	1668.000
455.432	1628.000
455.413	1720.000
455.394	1707.000
455.375	1716.000
455.356	1790.000
455.337	1794.000
455.318	1878.000
455.300	1957.000
455.281	2009.000
455.262	2105.000
455.243	2310.000
455.224	2530.000
455.205	2858.000
455.186	3184.000
455.167	3883.000
455.148	4707.000
455.129	5663.000
455.110	6378.000
455.091	6735.000
455.072	6562.000
455.053	5782.000
455.034	5019.000
455.015	4221.000
454.996	3729.000
454.977	3241.000
454.958	2952.000
454.939	2710.000
454.920	2535.000
454.901	2465.000
454.882	2308.000
454.863	2269.000
454.844	2160.000
454.825	2126.000
454.806	2082.000
454.787	2036.000
454.768	1964.000
454.750	1962.000
454.731	1954.000
454.712	1940.000
454.693	1916.000
454.674	1896.000
454.655	1906.000
454.636	1867.000
454.617	1871.000
454.598	1803.000
454.579	1857.000
454.560	1840.000
454.541	1782.000
454.522	1821.000
454.503	1837.000
454.484	1792.000
454.465	1824.000
454.446	1783.000
454.427	1821.000
454.408	1802.000
454.389	1803.000
454.370	1768.000
454.351	1790.000
454.332	1744.000
454.313	1736.000
454.294	1788.000
454.275	1791.000
454.256	1774.000
454.237	1751.000
454.218	1734.000
454.199	1722.000
454.180	1754.000
454.161	1778.000
454.142	1756.000
454.123	1765.000
454.104	1765.000
454.085	1777.000
454.066	1756.000
454.047	1733.000
454.028	1750.000
454.009	1749.000
453.990	1772.000
453.971	1769.000
453.952	1776.000
453.933	1790.000
453.915	1753.000
453.896	1754.000
453.877	1754.000
453.858	1786.000
453.839	1781.000
453.820	1750.000
453.801	1754.000
453.782	1787.000
453.763	1776.000
453.744	1777.000
453.725	1776.000
453.706	1766.000
453.687	1754.000
453.668	1797.000
453.649	1736.000
453.630	1793.000
453.611	1780.000
453.592	1788.000
453.573	1754.000
453.554	1772.000
453.535	1795.000
453.516	1804.000
453.497	1777.000
453.478	1778.000
453.459	1808.000
453.440	1759.000
453.421	1793.000
453.402	1769.000
453.383	1864.000
453.364	1817.000
453.345	1786.000
453.326	1798.000
453.307	1848.000
453.288	1802.000
453.269	1797.000
453.250	1764.000
453.231	1781.000
453.212	1810.000
453.193	1833.000
453.174	1754.000
453.155	1809.000
453.136	1796.000
453.117	1803.000
453.098	1788.000
453.079	1838.000
453.060	1853.000
453.041	1836.000
453.022	1781.000
453.003	1782.000
452.984	1828.000
452.965	1804.000
452.946	1796.000
452.927	1826.000
452.908	1816.000
452.889	1828.000
452.870	1798.000
452.851	1842.000
452.832	1827.000
452.813	1844.000
452.794	1808.000
452.775	1797.000
452.756	1833.000
452.737	1844.000
452.718	1827.000
452.699	1872.000
452.680	1839.000
452.661	1854.000
452.642	1834.000
452.623	1834.000
452.604	1792.000
452.585	1844.000
452.566	1850.000
452.547	1820.000
452.528	1859.000
452.509	1849.000
452.490	1859.000
452.471	1836.000
452.452	1841.000
452.433	1849.000
452.414	1854.000
452.395	1822.000
452.376	1845.000
452.357	1872.000
452.338	1887.000
452.319	1844.000
452.300	1896.000
452.281	1878.000
452.262	1885.000
452.243	1851.000
452.224	1850.000
452.205	1838.000
452.186	1911.000
452.167	1894.000
452.148	1868.000
452.129	1899.000
452.110	1910.000
452.091	1899.000
452.072	1865.000
452.053	1875.000
452.034	1895.000
452.015	1888.000
451.996	1866.000
451.976	1909.000
451.957	1911.000
451.938	1900.000
451.919	1872.000
451.900	1900.000
451.881	1876.000
451.862	1873.000
451.843	1868.000
451.824	1897.000
451.805	1919.000
451.786	1906.000
451.767	1883.000
451.748	1890.000
451.729	1918.000
451.710	1914.000
451.691	1890.000
451.672	1897.000
451.653	1898.000
451.634	1884.000
451.615	1949.000
451.596	1870.000
451.577	1921.000
451.558	1960.000
451.539	1917.000
451.520	1943.000
451.501	1873.000
451.482	1958.000
451.463	1910.000
451.444	1890.000
451.425	1920.000
451.406	1908.000
451.387	1934.000
451.368	1926.000
451.349	1891.000
451.330	1903.000
451.311	1930.000
451.292	1902.000
451.273	1941.000
451.254	1976.000
451.235	1963.000
451.216	1964.000
451.197	1900.000
451.178	1945.000
451.159	1932.000
451.140	1965.000
451.120	1903.000
451.101	1942.000
451.082	1938.000
451.063	1951.000
451.044	1954.000
451.025	1998.000
451.006	1960.000
450.987	1977.000
450.968	1956.000
450.949	1973.000
450.930	1967.000
450.911	1948.000
450.892	1959.000
450.873	1944.000
450.854	1986.000
450.835	1963.000
450.816	1944.000
450.797	1960.000
450.778	2004.000
450.759	1976.000
450.740	1982.000
450.721	1986.000
450.702	2020.000
450.683	2000.000
450.664	1970.000
450.645	1997.000
450.626	2014.000
450.607	1999.000
450.588	1965.000
450.568	2002.000
450.549	2030.000
450.530	1994.000
450.511	2016.000
450.492	1981.000
450.473	1996.000
450.454	2019.000
450.435	1999.000
450.416	1995.000
450.397	2008.000
450.378	2023.000
450.359	2010.000
450.340	1989.000
450.321	2038.000
450.302	2004.000
450.283	1986.000
450.264	2014.000
450.245	2015.000
450.226	2066.000
450.207	2044.000
450.188	2005.000
450.169	1978.000
450.150	2034.000
450.131	2005.000
450.111	2009.000
450.092	1982.000
450.073	2033.000
450.054	1995.000
450.035	2044.000
450.016	2023.000
449.997	2040.000
449.978	2016.000
449.959	2020.000
449.940	2057.000
449.921	2050.000
449.902	2060.000
449.883	2043.000
449.864	2058.000
449.845	2040.000
449.826	2089.000
449.807	2020.000
449.788	2070.000
449.769	2068.000
449.750	2061.000
449.730	2075.000
449.711	2061.000
449.692	2038.000
449.673	2083.000
449.654	2045.000
449.635	2039.000
449.616	2110.000
449.597	2081.000
449.578	2079.000
449.559	2083.000
449.540	2071.000
449.521	2087.000
449.502	2096.000
449.483	2115.000
449.464	2070.000
449.445	2112.000
449.426	2094.000
449.407	2126.000
449.387	2041.000
449.368	2123.000
449.349	2063.000
449.330	2107.000
449.311	2103.000
449.292	2087.000
449.273	2101.000
449.254	2065.000
449.235	2096.000
449.216	2106.000
449.197	2086.000
449.178	2113.000
449.159	2138.000
449.140	2109.000
449.121	2091.000
449.102	2104.000
449.083	2117.000
449.063	2129.000
449.044	2099.000
449.025	2122.000
449.006	2110.000
448.987	2111.000
448.968	2142.000
448.949	2128.000
448.930	2170.000
448.911	2129.000
448.892	2101.000
448.873	2109.000
448.854	2066.000
448.835	2180.000
448.816	2168.000
448.797	2118.000
448.777	2091.000
448.758	2102.000
448.739	2107.000
448.720	2094.000
448.701	2098.000
448.682	2143.000
448.663	2138.000
448.644	2126.000
448.625	2090.000
448.606	2160.000
448.587	2159.000
448.568	2153.000
448.549	2142.000
448.530	2162.000
448.511	2176.000
448.491	2147.000
448.472	2155.000
448.453	2177.000
448.434	2138.000
448.415	2165.000
448.396	2201.000
448.377	2210.000
448.358	2168.000
448.339	2143.000
448.320	2176.000
448.301	2211.000
448.282	2176.000
448.263	2183.000
448.243	2168.000
448.224	2200.000
448.205	2195.000
448.186	2199.000
448.167	2189.000
448.148	2208.000
448.129	2224.000
448.110	2200.000
448.091	2190.000
448.072	2162.000
448.053	2228.000
448.034	2208.000
448.015	2223.000
447.995	2175.000
447.976	2236.000
447.957	2213.000
447.938	2182.000
447.919	2233.000
447.900	2239.000
447.881	2225.000
447.862	2234.000
447.843	2233.000
447.824	2252.000
447.805	2194.000
447.786	2250.000
447.766	2197.000
447.747	2235.000
447.728	2233.000
447.709	2213.000
447.690	2236.000
447.671	2219.000
447.652	2194.000
447.633	2244.000
447.614	2228.000
447.595	2264.000
447.576	2233.000
447.557	2220.000
447.537	2226.000
447.518	2273.000
447.499	2255.000
447.480	2188.000
447.461	2249.000
447.442	2245.000
447.423	2241.000
447.404	2232.000
447.385	2228.000
447.366	2248.000
447.347	2221.000
447.327	2222.000
447.308	2241.000
447.289	2286.000
447.270	2272.000
447.251	2266.000
447.232	2235.000
447.213	2294.000
447.194	2242.000
447.175	2245.000
447.156	2268.000
447.137	2277.000
447.117	2313.000
447.098	2283.000
447.079	2278.000
447.060	2305.000
447.041	2333.000
447.022	2281.000
447.003	2263.000
446.984	2306.000
446.965	2330.000
446.946	2307.000
446.926	2279.000
446.907	2257.000
446.888	2249.000
446.869	2264.000
446.850	2315.000
446.831	2280.000
446.812	2284.000
446.793	2302.000
446.774	2314.000
446.755	2314.000
446.736	2276.000
446.716	2290.000
446.697	2313.000
446.678	2311.000
446.659	2293.000
446.640	2316.000
446.621	2373.000
446.602	2304.000
446.583	2333.000
446.564	2259.000
446.544	2340.000
446.525	2207.000
446.506	2261.000
446.487	2338.000
446.468	2260.000
446.449	2332.000
446.430	2316.000
446.411	2335.000
446.392	2336.000
446.373	2321.000
446.353	2341.000
446.334	2328.000
446.315	2310.000
446.296	2323.000
446.277	2384.000
446.258	2359.000
446.239	2318.000
446.220	2359.000
446.201	2389.000
446.181	2353.000
446.162	2391.000
446.143	2383.000
446.124	2338.000
446.105	2358.000
446.086	2343.000
446.067	2351.000
446.048	2380.000
446.029	2380.000
446.009	2394.000
445.990	2397.000
445.971	2451.000
445.952	2427.000
445.933	2440.000
445.914	2456.000
445.895	2467.000
445.876	2444.000
445.857	2495.000
445.837	2499.000
445.818	2585.000
445.799	2574.000
445.780	2533.000
445.761	2644.000
445.742	2636.000
445.723	2674.000
445.704	2723.000
445.685	2807.000
445.665	2876.000
445.646	2969.000
445.627	3039.000
445.608	3152.000
445.589	3372.000
445.570	3571.000
445.551	3892.000
445.532	4275.000
445.512	4849.000
445.493	5520.000
445.474	6197.000
445.455	7033.000
445.436	7327.000
445.417	7055.000
445.398	6351.000
445.379	5705.000
445.360	4981.000
445.340	4294.000
445.321	3872.000
445.302	3541.000
445.283	3318.000
445.264	3132.000
445.245	2950.000
445.226	2900.000
445.207	2820.000
445.187	2713.000
445.168	2642.000
445.149	2586.000
445.130	2628.000
445.111	2596.000
445.092	2506.000
445.073	2492.000
445.054	2530.000
445.034	2519.000
445.015	2429.000
444.996	2491.000
444.977	2476.000
444.958	2423.000
444.939	2393.000
444.920	2475.000
444.901	2449.000
444.881	2434.000
444.862	2375.000
444.843	2402.000
444.824	2411.000
444.805	2360.000
444.786	2432.000
444.767	2397.000
444.747	2364.000
444.728	2364.000
444.709	2367.000
444.690	2364.000
444.671	2376.000
444.652	2380.000
444.633	2357.000
444.614	2406.000
444.594	2366.000
444.575	2355.000
444.556	2335.000
444.537	2374.000
444.518	2388.000
444.499	2361.000
444.480	2360.000
444.460	2348.000
444.441	2370.000
444.422	2390.000
444.403	2381.000
444.384	2372.000
444.365	2375.000
444.346	2370.000
444.327	2350.000
444.307	2363.000
444.288	2386.000
444.269	2342.000
444.250	2334.000
444.231	2363.000
444.212	2409.000
444.193	2334.000
444.173	2350.000
444.154	2355.000
444.135	2339.000
444.116	2366.000
444.097	2376.000
444.078	2347.000
444.059	2367.000
444.039	2368.000
444.020	2354.000
444.001	2352.000
443.982	2389.000
443.963	2338.000
443.944	2370.000
443.925	2329.000
443.905	2369.000
443.886	2373.000
443.867	2371.000
443.848	2380.000
443.829	2381.000
443.810	2382.000
443.791	2323.000
443.771	2356.000
443.752	2367.000
443.733	2371.000
443.714	2377.000
443.695	2373.000
443.676	2307.000
443.657	2314.000
443.637	2339.000
443.618	2339.000
443.599	2400.000
443.580	2313.000
443.561	2338.000
443.542	2372.000
443.522	2359.000
443.503	2365.000
443.484	2362.000
443.465	2406.000
443.446	2352.000
443.427	2337.000
443.408	2359.000
443.388	2332.000
443.369	2328.000
443.350	2350.000
443.331	2355.000
443.312	2346.000
443.293	2340.000
443.273	2332.000
443.254	2351.000
443.235	2338.000
443.216	2364.000
443.197	2328.000
443.178	2322.000
443.159	2376.000
443.139	2346.000
443.120	2311.000
443.101	2325.000
443.082	2313.000
443.063	2340.000
443.044	2324.000
443.024	2334.000
443.005	2268.000
442.986	2377.000
442.967	2289.000
442.948	2365.000
442.929	2358.000
442.910	2333.000
442.890	2311.000
442.871	2304.000
442.852	2322.000
442.833	2289.000
442.814	2352.000
442.795	2353.000
442.775	2353.000
442.756	2371.000
442.737	2376.000
442.718	2329.000
442.699	2351.000
442.680	2354.000
442.660	2359.000
442.641	2325.000
442.622	2304.000
442.603	2361.000
442.584	2343.000
442.565	2363.000
442.545	2341.000
442.526	2464.000
442.507	2328.000
442.488	2370.000
442.469	2302.000
442.450	2296.000
442.430	2325.000
442.411	2323.000
442.392	2338.000
442.373	2328.000
442.354	2292.000
442.335	2296.000
442.315	2277.000
442.296	2296.000
442.277	2320.000
442.258	2329.000
442.239	2330.000
442.220	2373.000
442.200	2325.000
442.181	2358.000
442.162	2321.000
442.143	2269.000
442.124	2310.000
442.105	2278.000
442.085	2348.000
442.066	2291.000
442.047	2268.000
442.028	2273.000
442.009	2357.000
441.990	2211.000
441.970	2329.000
441.951	2300.000
441.932	2284.000
441.913	2312.000
441.894	2304.000
441.874	2281.000
441.855	2324.000
441.836	2287.000
441.817	2296.000
441.798	2282.000
441.779	2311.000
441.759	2273.000
441.740	2311.000
441.721	2337.000
441.702	2257.000
441.683	2338.000
441.664	2336.000
441.644	2287.000
441.625	2316.000
441.606	2285.000
441.587	2289.000
441.568	2277.000
441.548	2319.000
441.529	2261.000
441.510	2287.000
441.491	2313.000
441.472	2270.000
441.453	2257.000
441.433	2274.000
441.414	2297.000
441.395	2248.000
441.376	2251.000
441.357	2285.000
441.337	2367.000
441.318	2252.000
441.299	2275.000
441.280	2265.000
441.261	2279.000
441.241	2241.000
441.222	2291.000
441.203	2297.000
441.184	2211.000
441.165	2287.000
441.146	2268.000
441.126	2230.000
441.107	2210.000
441.088	2273.000
441.069	2240.000
441.050	2271.000
441.030	2291.000
441.011	2233.000
440.992	2233.000
440.973	2245.000
440.954	2237.000
440.934	2241.000
440.915	2238.000
440.896	2247.000
440.877	2217.000
440.858	2262.000
440.839	2234.000
440.819	2236.000
440.800	2241.000
440.781	2249.000
440.762	2243.000
440.743	2303.000
440.723	2240.000
440.704	2251.000
440.685	2260.000
440.666	2246.000
440.647	2306.000
440.627	2218.000
440.608	2255.000
440.589	2280.000
440.570	2263.000
440.551	2251.000
440.531	2242.000
440.512	2230.000
440.493	2235.000
440.474	2263.000
440.455	2218.000
440.435	2216.000
440.416	2239.000
440.397	2230.000
440.378	2228.000
440.359	2221.000
440.339	2247.000
440.320	2182.000
440.301	2214.000
440.282	2234.000
440.263	2193.000
440.243	2210.000
440.224	2260.000
440.205	2236.000
440.186	2193.000
440.167	2210.000
440.147	2276.000
440.128	2182.000
440.109	2183.000
440.090	2196.000
440.071	2183.000
440.051	2228.000
440.032	2189.000
440.013	2230.000
439.994	2175.000
439.975	2227.000
439.955	2227.000
439.936	2209.000
439.917	2194.000
439.898	2196.000
439.879	2178.000
439.859	2196.000
439.840	2154.000
439.821	2197.000
439.802	2195.000
439.783	2191.000
439.763	2218.000
439.744	2188.000
439.725	2222.000
439.706	2220.000
439.687	2225.000
439.667	2189.000
439.648	2212.000
439.629	2211.000
439.610	2212.000
439.590	2187.000
439.571	2156.000
439.552	2231.000
439.533	2208.000
439.514	2178.000
439.494	2146.000
439.475	2157.000
439.456	2155.000
439.437	2144.000
439.418	2183.000
439.398	2125.000
439.379	2139.000
439.360	2167.000
439.341	2199.000
439.322	2190.000
439.302	2165.000
439.283	2144.000
439.264	2177.000
439.245	2153.000
439.225	2135.000
439.206	2190.000
439.187	2150.000
439.168	2168.000
439.149	2139.000
439.129	2123.000
439.110	2177.000
439.091	2150.000
439.072	2191.000
439.052	2139.000
439.033	2141.000
439.014	2123.000
438.995	2087.000
438.976	2104.000
438.956	2160.000
438.937	2090.000
438.918	2083.000
438.899	2154.000
438.879	2107.000
438.860	2114.000
438.841	2128.000
438.822	2088.000
438.803	2109.000
438.783	2052.000
438.764	2134.000
438.745	2152.000
438.726	2133.000
438.706	2104.000
438.687	2067.000
438.668	2161.000
438.649	2118.000
438.630	2083.000
438.610	2079.000
438.591	2125.000
438.572	2094.000
438.553	2110.000
438.533	2095.000
438.514	2100.000
438.495	2069.000
438.476	2085.000
438.457	2124.000
438.437	2112.000
438.418	2100.000
438.399	2058.000
438.380	2003.000
438.360	2090.000
438.341	2065.000
438.322	2060.000
438.303	2046.000
438.283	2099.000
438.264	2076.000
438.245	2034.000
438.226	2059.000
438.207	2106.000
438.187	2029.000
438.168	2038.000
438.149	2035.000
438.130	2064.000
438.110	2026.000
438.091	2072.000
438.072	2025.000
438.053	2007.000
438.033	2033.000
438.014	2056.000
437.995	2047.000
437.976	2084.000
437.957	2037.000
437.937	2038.000
437.918	2046.000
437.899	2006.000
437.880	2035.000
437.860	2027.000
437.841	2024.000
437.822	2050.000
437.803	2017.000
437.783	1982.000
437.764	2046.000
437.745	2025.000
437.726	1972.000
437.706	1993.000
437.687	1977.000
437.668	2001.000
437.649	1996.000
437.630	2023.000
437.610	2060.000
437.591	2097.000
437.572	2095.000
437.553	2127.000
437.533	2018.000
437.514	2022.000
437.495	1950.000
437.476	2008.000
437.456	2004.000
437.437	1985.000
437.418	1986.000
437.399	2013.000
437.379	1995.000
437.360	2025.000
437.341	1965.000
437.322	1997.000
437.302	1976.000
437.283	1955.000
437.264	2002.000
437.245	1992.000
437.225	1989.000
437.206	1988.000
437.187	1985.000
437.168	1984.000
437.148	1949.000
437.129	1949.000
437.110	1949.000
437.091	1931.000
437.071	1973.000
437.052	1932.000
437.033	1962.000
437.014	1980.000
436.994	1936.000
436.975	1942.000
436.956	1961.000
436.937	1975.000
436.917	1950.000
436.898	1939.000
436.879	1930.000
436.860	1923.000
436.840	1921.000
436.821	1893.000
436.802	1948.000
436.783	1952.000
436.763	1933.000
436.744	2084.000
436.725	2041.000
436.706	1985.000
436.686	1989.000
436.667	2005.000
436.648	1959.000
436.629	1898.000
436.609	1879.000
436.590	1915.000
436.571	1937.000
436.552	1883.000
436.532	1922.000
436.513	1874.000
436.494	1897.000
436.475	1934.000
436.455	1872.000
436.436	1895.000
436.417	1869.000
436.398	1891.000
436.378	1909.000
436.359	1927.000
436.340	1917.000
436.321	1919.000
436.301	1915.000
436.282	1931.000
436.263	1886.000
436.243	1885.000
436.224	1886.000
436.205	1869.000
436.186	1878.000
436.166	1884.000
436.147	1895.000
436.128	1884.000
436.109	1875.000
436.089	1893.000
436.070	1881.000
436.051	1878.000
436.032	1846.000
436.012	1870.000
435.993	1876.000
435.974	1848.000
435.955	1862.000
435.935	1878.000
435.916	1875.000
435.897	1836.000
435.877	1864.000
435.858	1896.000
435.839	1875.000
435.820	1815.000
435.800	1808.000
435.781	1907.000
435.762	1865.000
435.743	1841.000
435.723	1837.000
435.704	1848.000
435.685	1837.000
435.666	1812.000
435.646	1837.000
435.627	1854.000
435.608	1827.000
435.588	1813.000
435.569	1822.000
435.550	1847.000
435.531	1786.000
435.511	1811.000
435.492	1802.000
435.473	1840.000
435.454	1840.000
435.434	1836.000
435.415	1834.000
435.396	1805.000
435.376	1833.000
435.357	1844.000
435.338	1829.000
435.319	1818.000
435.299	1814.000
435.280	1808.000
435.261	1804.000
435.242	1802.000
435.222	1789.000
435.203	1824.000
435.184	1796.000
435.164	1788.000
435.145	1793.000
435.126	1828.000
435.107	1774.000
435.087	1803.000
435.068	1791.000
435.049	1777.000
435.030	1793.000
435.010	1768.000
434.991	1802.000
434.972	1778.000
434.952	1804.000
434.933	1783.000
434.914	1809.000
434.895	1788.000
434.875	1761.000
434.856	1780.000
434.837	1857.000
434.817	1908.000
434.798	1877.000
434.779	1798.000
434.760	1794.000
434.740	1780.000
434.721	1783.000
434.702	1755.000
434.682	1762.000
434.663	1746.000
434.644	1747.000
434.625	1762.000
434.605	1767.000
434.586	1775.000
434.567	1718.000
434.547	1738.000
434.528	1774.000
434.509	1723.000
434.490	1739.000
434.470	1761.000
434.451	1741.000
434.432	1907.000
434.412	2205.000
434.393	2230.000
434.374	2016.000
434.355	1748.000
434.335	1758.000
434.316	1718.000
434.297	1728.000
434.277	1705.000
434.258	1724.000
434.239	1736.000
434.220	1724.000
434.200	1710.000
434.181	1724.000
434.162	1700.000
434.142	1685.000
434.123	1713.000
434.104	1730.000
434.085	1708.000
434.065	1701.000
434.046	1680.000
434.027	1732.000
434.007	1659.000
433.988	1693.000
433.969	1699.000
433.949	1706.000
433.930	1677.000
433.911	1677.000
433.892	1704.000
433.872	1690.000
433.853	1703.000
433.834	1695.000
433.814	1720.000
433.795	1678.000
433.776	1683.000
433.757	1677.000
433.737	1692.000
433.718	1694.000
433.699	1652.000
433.679	1660.000
433.660	1629.000
433.641	1691.000
433.621	1634.000
433.602	1649.000
433.583	1683.000
433.564	1668.000
433.544	1689.000
433.525	1676.000
433.506	1673.000
433.486	1633.000
433.467	1680.000
433.448	1647.000
433.428	1625.000
433.409	1662.000
433.390	1656.000
433.371	1653.000
433.351	1617.000
433.332	1582.000
433.313	1651.000
433.293	1665.000
433.274	1655.000
433.255	1649.000
433.235	1635.000
433.216	1638.000
433.197	1627.000
433.177	1612.000
433.158	1632.000
433.139	1634.000
433.120	1644.000
433.100	1651.000
433.081	1632.000
433.062	1603.000
433.042	1635.000
433.023	1597.000
433.004	1604.000
432.984	1614.000
432.965	1623.000
432.946	1644.000
432.927	1648.000
432.907	1582.000
432.888	1628.000
432.869	1610.000
432.849	1583.000
432.830	1609.000
432.811	1688.000
432.791	1764.000
432.772	1692.000
432.753	1693.000
432.733	1875.000
432.714	2176.000
432.695	1976.000
432.675	1771.000
432.656	1615.000
432.637	1624.000
432.618	1608.000
432.598	1591.000
432.579	1599.000
432.560	1570.000
432.540	1597.000
432.521	1611.000
432.502	1623.000
432.482	1612.000
432.463	1577.000
432.444	1541.000
432.424	1579.000
432.405	1579.000
432.386	1554.000
432.366	1592.000
432.347	1599.000
432.328	1571.000
432.308	1553.000
432.289	1590.000
432.270	1576.000
432.251	1558.000
432.231	1548.000
432.212	1563.000
432.193	1575.000
432.173	1556.000
432.154	1550.000
432.135	1570.000
432.115	1538.000
432.096	1541.000
432.077	1554.000
432.057	1553.000
432.038	1551.000
432.019	1560.000
431.999	1551.000
431.980	1561.000
431.961	1529.000
431.941	1540.000
431.922	1549.000
431.903	1550.000
431.883	1546.000
431.864	1554.000
431.845	1557.000
431.825	1552.000
431.806	1536.000
431.787	1547.000
431.767	1488.000
431.748	1549.000
431.729	1524.000
431.709	1528.000
431.690	1544.000
431.671	1500.000
431.652	1526.000
431.632	1541.000
431.613	1537.000
431.594	1499.000
431.574	1514.000
431.555	1542.000
431.536	1475.000
431.516	1494.000
431.497	1527.000
431.478	1532.000
431.458	1486.000
431.439	1533.000
431.420	1502.000
431.400	1488.000
431.381	1497.000
431.362	1490.000
431.342	1514.000
431.323	1497.000
431.304	1505.000
431.284	1498.000
431.265	1493.000
431.246	1493.000
431.226	1494.000
431.207	1513.000
431.188	1473.000
431.168	1497.000
431.149	1478.000
431.130	1494.000
431.110	1480.000
431.091	1482.000
431.072	1457.000
431.052	1472.000
431.033	1463.000
431.014	1443.000
430.994	1485.000
430.975	1462.000
430.956	1459.000
430.936	1473.000
430.917	1466.000
430.898	1439.000
430.878	1450.000
430.859	1472.000
430.840	1471.000
430.820	1444.000
430.801	1458.000
430.781	1458.000
430.762	1454.000
430.743	1433.000
430.723	1463.000
430.704	1465.000
430.685	1443.000
430.665	1466.000
430.646	1454.000
430.627	1468.000
430.607	1440.000
430.588	1472.000
430.569	1456.000
430.549	1445.000
430.530	1459.000
430.511	1485.000
430.491	1493.000
430.472	1476.000
430.453	1481.000
430.433	1450.000
430.414	1463.000
430.395	1447.000
430.375	1459.000
430.356	1445.000
430.337	1483.000
430.317	1449.000
430.298	1445.000
430.279	1451.000
430.259	1447.000
430.240	1479.000
430.221	1445.000
430.201	1465.000
430.182	1462.000
430.162	1457.000
430.143	1457.000
430.124	1431.000
430.104	1426.000
430.085	1434.000
430.066	1457.000
