469.055	977.000
469.037	978.000
469.018	986.000
468.999	981.000
468.980	986.000
468.962	974.000
468.943	983.000
468.924	983.000
468.906	979.000
468.887	985.000
468.868	982.000
468.849	985.000
468.831	986.000
468.812	977.000
468.793	985.000
468.774	977.000
468.756	988.000
468.737	978.000
468.718	979.000
468.700	979.000
468.681	978.000
468.662	976.000
468.643	979.000
468.625	982.000
468.606	976.000
468.587	980.000
468.568	977.000
468.550	979.000
468.531	982.000
468.512	982.000
468.493	984.000
468.475	977.000
468.456	977.000
468.437	975.000
468.419	977.000
468.400	971.000
468.381	977.000
468.362	983.000
468.344	976.000
468.325	984.000
468.306	976.000
468.287	975.000
468.269	979.000
468.250	975.000
468.231	983.000
468.212	984.000
468.194	982.000
468.175	984.000
468.156	993.000
468.137	984.000
468.119	978.000
468.100	977.000
468.081	986.000
468.063	980.000
468.044	982.000
468.025	990.000
468.006	990.000
467.988	982.000
467.969	988.000
467.950	990.000
467.931	980.000
467.913	995.000
467.894	993.000
467.875	994.000
467.856	1001.000
467.838	1008.000
467.819	1021.000
467.800	1013.000
467.781	1020.000
467.763	1006.000
467.744	1002.000
467.725	998.000
467.706	996.000
467.688	997.000
467.669	991.000
467.650	989.000
467.631	993.000
467.613	992.000
467.594	981.000
467.575	995.000
467.556	992.000
467.538	991.000
467.519	994.000
467.500	996.000
467.481	986.000
467.463	988.000
467.444	989.000
467.425	989.000
467.406	995.000
467.388	985.000
467.369	988.000
467.350	988.000
467.331	980.000
467.313	983.000
467.294	984.000
467.275	987.000
467.256	989.000
467.238	986.000
467.219	990.000
467.200	988.000
467.181	990.000
467.163	991.000
467.144	989.000
467.125	987.000
467.106	979.000
467.088	982.000
467.069	987.000
467.050	988.000
467.031	987.000
467.012	993.000
466.994	982.000
466.975	989.000
466.956	989.000
466.937	992.000
466.919	985.000
466.900	987.000
466.881	984.000
466.862	993.000
466.844	986.000
466.825	986.000
466.806	989.000
466.787	982.000
466.769	980.000
466.750	990.000
466.731	986.000
466.712	993.000
466.694	994.000
466.675	987.000
466.656	991.000
466.637	989.000
466.618	989.000
466.600	987.000
466.581	989.000
466.562	987.000
466.543	992.000
466.525	984.000
466.506	985.000
466.487	989.000
466.468	991.000
466.450	983.000
466.431	987.000
466.412	990.000
466.393	986.000
466.374	987.000
466.356	986.000
466.337	986.000
466.318	999.000
466.299	1002.000
466.281	986.000
466.262	978.000
466.243	991.000
466.224	993.000
466.205	997.000
466.187	987.000
466.168	984.000
466.149	990.000
466.130	988.000
466.112	986.000
466.093	996.000
466.074	994.000
466.055	999.000
466.037	995.000
466.018	986.000
465.999	993.000
465.980	993.000
465.961	993.000
465.943	994.000
465.924	993.000
465.905	998.000
465.886	990.000
465.868	988.000
465.849	997.000
465.830	993.000
465.811	994.000
465.792	991.000
465.774	992.000
465.755	995.000
465.736	985.000
465.717	990.000
465.698	994.000
465.680	994.000
465.661	991.000
465.642	999.000
465.623	988.000
465.605	996.000
465.586	989.000
465.567	989.000
465.548	990.000
465.529	995.000
465.511	999.000
465.492	995.000
465.473	991.000
465.454	1000.000
465.435	989.000
465.417	993.000
465.398	987.000
465.379	996.000
465.360	1004.000
465.342	1003.000
465.323	1008.000
465.304	998.000
465.285	996.000
465.266	992.000
465.248	1000.000
465.229	999.000
465.210	997.000
465.191	1002.000
465.172	996.000
465.154	993.000
465.135	1001.000
465.116	993.000
465.097	1004.000
465.078	1000.000
465.060	993.000
465.041	1008.000
465.022	999.000
465.003	1001.000
464.984	1002.000
464.966	1005.000
464.947	1005.000
464.928	994.000
464.909	1005.000
464.890	994.000
464.872	1003.000
464.853	995.000
464.834	998.000
464.815	995.000
464.796	997.000
464.778	1011.000
464.759	1002.000
464.740	1000.000
464.721	1005.000
464.702	993.000
464.684	1001.000
464.665	998.000
464.646	1001.000
464.627	1002.000
464.608	998.000
464.590	1005.000
464.571	1000.000
464.552	1004.000
464.533	999.000
464.514	1005.000
464.496	1003.000
464.477	1002.000
464.458	1010.000
464.439	1009.000
464.420	1006.000
464.402	994.000
464.383	1007.000
464.364	1007.000
464.345	1010.000
464.326	1008.000
464.308	999.000
464.289	1014.000
464.270	1007.000
464.251	1009.000
464.232	1003.000
464.214	1010.000
464.195	1008.000
464.176	1004.000
464.157	1007.000
464.138	1008.000
464.120	1004.000
464.101	1014.000
464.082	1011.000
464.063	1012.000
464.044	1007.000
464.025	1007.000
464.007	1013.000
463.988	1002.000
463.969	1004.000
463.950	1014.000
463.931	1003.000
463.913	1014.000
463.894	1014.000
463.875	1003.000
463.856	1008.000
463.837	995.000
463.819	1006.000
463.800	1008.000
463.781	996.000
463.762	1008.000
463.743	1004.000
463.724	999.000
463.706	1000.000
463.687	1004.000
463.668	1006.000
463.649	1014.000
463.630	1005.000
463.612	1001.000
463.593	997.000
463.574	1006.000
463.555	1015.000
463.536	1011.000
463.517	1014.000
463.499	1001.000
463.480	1014.000
463.461	1017.000
463.442	1007.000
463.423	1007.000
463.404	1000.000
463.386	1006.000
463.367	1009.000
463.348	1002.000
463.329	1018.000
463.310	1014.000
463.292	1018.000
463.273	1011.000
463.254	1014.000
463.235	1008.000
463.216	1004.000
463.197	1009.000
463.179	1010.000
463.160	1020.000
463.141	1020.000
463.122	1006.000
463.103	1008.000
463.084	1007.000
463.066	1024.000
463.047	1009.000
463.028	1015.000
463.009	1011.000
462.990	1011.000
462.971	1022.000
462.953	1017.000
462.934	1013.000
462.915	1000.000
462.896	1016.000
462.877	1019.000
462.858	1010.000
462.840	1019.000
462.821	1018.000
462.802	1003.000
462.783	1005.000
462.764	1013.000
462.745	1015.000
462.727	1008.000
462.708	1021.000
462.689	1015.000
462.670	1012.000
462.651	1011.000
462.632	1016.000
462.614	1020.000
462.595	1018.000
462.576	1016.000
462.557	1020.000
462.538	1014.000
462.519	1022.000
462.501	1018.000
462.482	1019.000
462.463	1015.000
462.444	1015.000
462.425	1011.000
462.406	1007.000
462.388	1026.000
462.369	1023.000
462.350	1014.000
462.331	1017.000
462.312	1021.000
462.293	1022.000
462.274	1032.000
462.256	1015.000
462.237	1032.000
462.218	1027.000
462.199	1018.000
462.180	1032.000
462.161	1040.000
462.143	1020.000
462.124	1030.000
462.105	1023.000
462.086	1020.000
462.067	1023.000
462.048	1033.000
462.029	1032.000
462.011	1050.000
461.992	1041.000
461.973	1048.000
461.954	1058.000
461.935	1082.000
461.916	1083.000
461.898	1097.000
461.879	1119.000
461.860	1098.000
461.841	1095.000
461.822	1085.000
461.803	1068.000
461.784	1069.000
461.766	1061.000
461.747	1046.000
461.728	1041.000
461.709	1039.000
461.690	1050.000
461.671	1039.000
461.652	1032.000
461.634	1026.000
461.615	1031.000
461.596	1030.000
461.577	1042.000
461.558	1025.000
461.539	1032.000
461.521	1022.000
461.502	1030.000
461.483	1026.000
461.464	1024.000
461.445	1041.000
461.426	1034.000
461.407	1032.000
461.389	1033.000
461.370	1033.000
461.351	1032.000
461.332	1030.000
461.313	1024.000
461.294	1034.000
461.275	1038.000
461.256	1037.000
461.238	1026.000
461.219	1028.000
461.200	1027.000
461.181	1016.000
461.162	1039.000
461.143	1040.000
461.124	1040.000
461.106	1035.000
461.087	1031.000
461.068	1041.000
461.049	1034.000
461.030	1028.000
461.011	1030.000
460.992	1036.000
460.974	1028.000
460.955	1035.000
460.936	1043.000
460.917	1040.000
460.898	1035.000
460.879	1035.000
460.860	1049.000
460.841	1035.000
460.823	1028.000
460.804	1046.000
460.785	1043.000
460.766	1038.000
460.747	1039.000
460.728	1038.000
460.709	1039.000
460.691	1038.000
460.672	1036.000
460.653	1045.000
460.634	1044.000
460.615	1035.000
460.596	1035.000
460.577	1045.000
460.558	1040.000
460.540	1065.000
460.521	1071.000
460.502	1056.000
460.483	1049.000
460.464	1041.000
460.445	1043.000
460.426	1036.000
460.407	1036.000
460.389	1042.000
460.370	1045.000
460.351	1035.000
460.332	1030.000
460.313	1040.000
460.294	1046.000
460.275	1033.000
460.256	1040.000
460.238	1036.000
460.219	1051.000
460.200	1049.000
460.181	1038.000
460.162	1035.000
460.143	1045.000
460.124	1041.000
460.105	1045.000
460.087	1042.000
460.068	1040.000
460.049	1037.000
460.030	1041.000
460.011	1045.000
459.992	1045.000
459.973	1045.000
459.954	1037.000
459.935	1048.000
459.917	1053.000
459.898	1045.000
459.879	1042.000
459.860	1042.000
459.841	1043.000
459.822	1043.000
459.803	1042.000
459.784	1054.000
459.766	1038.000
459.747	1048.000
459.728	1041.000
459.709	1049.000
459.690	1051.000
459.671	1054.000
459.652	1038.000
459.633	1047.000
459.614	1059.000
459.596	1050.000
459.577	1042.000
459.558	1046.000
459.539	1040.000
459.520	1059.000
459.501	1056.000
459.482	1042.000
459.463	1047.000
459.444	1054.000
459.426	1059.000
459.407	1048.000
459.388	1054.000
459.369	1058.000
459.350	1052.000
459.331	1062.000
459.312	1043.000
459.293	1053.000
459.274	1052.000
459.255	1068.000
459.237	1041.000
459.218	1060.000
459.199	1049.000
459.180	1044.000
459.161	1054.000
459.142	1061.000
459.123	1053.000
459.104	1049.000
459.085	1059.000
459.067	1040.000
459.048	1056.000
459.029	1067.000
459.010	1054.000
458.991	1052.000
458.972	1054.000
458.953	1064.000
458.934	1062.000
458.915	1059.000
458.896	1064.000
458.878	1073.000
458.859	1051.000
458.840	1065.000
458.821	1060.000
458.802	1070.000
458.783	1055.000
458.764	1055.000
458.745	1070.000
458.726	1076.000
458.707	1069.000
458.688	1065.000
458.670	1054.000
458.651	1075.000
458.632	1051.000
458.613	1061.000
458.594	1065.000
458.575	1095.000
458.556	1080.000
458.537	1058.000
458.518	1080.000
458.499	1074.000
458.481	1061.000
458.462	1075.000
458.443	1081.000
458.424	1074.000
458.405	1073.000
458.386	1083.000
458.367	1068.000
458.348	1066.000
458.329	1074.000
458.310	1072.000
458.291	1071.000
458.273	1076.000
458.254	1071.000
458.235	1077.000
458.216	1065.000
458.197	1080.000
458.178	1064.000
458.159	1072.000
458.140	1068.000
458.121	1073.000
458.102	1065.000
458.083	1068.000
458.064	1078.000
458.046	1072.000
458.027	1084.000
458.008	1078.000
457.989	1078.000
457.970	1080.000
457.951	1079.000
457.932	1078.000
457.913	1081.000
457.894	1078.000
457.875	1082.000
457.856	1092.000
457.837	1081.000
457.819	1078.000
457.800	1068.000
457.781	1094.000
457.762	1081.000
457.743	1086.000
457.724	1075.000
457.705	1092.000
457.686	1077.000
457.667	1073.000
457.648	1078.000
457.629	1083.000
457.610	1088.000
457.591	1094.000
457.573	1084.000
457.554	1096.000
457.535	1082.000
457.516	1092.000
457.497	1096.000
457.478	1093.000
457.459	1083.000
457.440	1104.000
457.421	1092.000
457.402	1074.000
457.383	1086.000
457.364	1087.000
457.345	1095.000
457.327	1100.000
457.308	1083.000
457.289	1084.000
457.270	1090.000
457.251	1097.000
457.232	1099.000
457.213	1099.000
457.194	1086.000
457.175	1081.000
457.156	1105.000
457.137	1085.000
457.118	1089.000
457.099	1099.000
457.080	1094.000
457.062	1091.000
457.043	1090.000
457.024	1090.000
457.005	1097.000
456.986	1099.000
456.967	1103.000
456.948	1112.000
456.929	1097.000
456.910	1104.000
456.891	1091.000
456.872	1085.000
456.853	1105.000
456.834	1109.000
456.815	1102.000
456.796	1097.000
456.778	1089.000
456.759	1104.000
456.740	1116.000
456.721	1079.000
456.702	1090.000
456.683	1088.000
456.664	1107.000
456.645	1102.000
456.626	1107.000
456.607	1112.000
456.588	1090.000
456.569	1103.000
456.550	1096.000
456.531	1118.000
456.512	1112.000
456.493	1113.000
456.474	1096.000
456.456	1115.000
456.437	1109.000
456.418	1099.000
456.399	1111.000
456.380	1097.000
456.361	1129.000
456.342	1116.000
456.323	1124.000
456.304	1101.000
456.285	1104.000
456.266	1110.000
456.247	1105.000
456.228	1121.000
456.209	1107.000
456.190	1120.000
456.171	1132.000
456.152	1114.000
456.133	1111.000
456.115	1132.000
456.096	1129.000
456.077	1109.000
456.058	1099.000
456.039	1109.000
456.020	1127.000
456.001	1111.000
455.982	1121.000
455.963	1120.000
455.944	1119.000
455.925	1120.000
455.906	1136.000
455.887	1124.000
455.868	1126.000
455.849	1148.000
455.830	1127.000
455.811	1134.000
455.792	1140.000
455.773	1135.000
455.754	1127.000
455.736	1123.000
455.717	1126.000
455.698	1147.000
455.679	1142.000
455.660	1144.000
455.641	1152.000
455.622	1149.000
455.603	1158.000
455.584	1150.000
455.565	1147.000
455.546	1161.000
455.527	1177.000
455.508	1172.000
455.489	1186.000
455.470	1178.000
455.451	1199.000
455.432	1224.000
455.413	1219.000
455.394	1234.000
455.375	1238.000
455.356	1268.000
455.337	1284.000
455.318	1296.000
455.300	1361.000
455.281	1407.000
455.262	1494.000
455.243	1587.000
455.224	1714.000
455.205	1890.000
455.186	2180.000
455.167	2495.000
455.148	2851.000
455.129	3145.000
455.110	3285.000
455.091	3081.000
455.072	2722.000
455.053	2376.000
455.034	2088.000
455.015	1893.000
454.996	1696.000
454.977	1626.000
454.958	1518.000
454.939	1433.000
454.920	1404.000
454.901	1349.000
454.882	1357.000
454.863	1322.000
454.844	1283.000
454.825	1281.000
454.806	1264.000
454.787	1268.000
454.768	1248.000
454.750	1234.000
454.731	1220.000
454.712	1224.000
454.693	1211.000
454.674	1204.000
454.655	1212.000
454.636	1200.000
454.617	1209.000
454.598	1182.000
454.579	1193.000
454.560	1191.000
454.541	1186.000
454.522	1173.000
454.503	1180.000
454.484	1188.000
454.465	1176.000
454.446	1194.000
454.427	1184.000
454.408	1186.000
454.389	1177.000
454.370	1177.000
454.351	1186.000
454.332	1180.000
454.313	1174.000
454.294	1165.000
454.275	1168.000
454.256	1174.000
454.237	1173.000
454.218	1183.000
454.199	1177.000
454.180	1173.000
454.161	1176.000
454.142	1180.000
454.123	1195.000
454.104	1180.000
454.085	1188.000
454.066	1172.000
454.047	1180.000
454.028	1169.000
454.009	1167.000
453.990	1169.000
453.971	1172.000
453.952	1179.000
453.933	1173.000
453.915	1169.000
453.896	1161.000
453.877	1197.000
453.858	1177.000
453.839	1175.000
453.820	1174.000
453.801	1189.000
453.782	1167.000
453.763	1179.000
453.744	1176.000
453.725	1164.000
453.706	1186.000
453.687	1192.000
453.668	1167.000
453.649	1174.000
453.630	1191.000
453.611	1165.000
453.592	1189.000
453.573	1180.000
453.554	1189.000
453.535	1176.000
453.516	1171.000
453.497	1172.000
453.478	1174.000
453.459	1185.000
453.440	1173.000
453.421	1170.000
453.402	1170.000
453.383	1169.000
453.364	1170.000
453.345	1193.000
453.326	1199.000
453.307	1159.000
453.288	1192.000
453.269	1183.000
453.250	1193.000
453.231	1184.000
453.212	1180.000
453.193	1186.000
453.174	1195.000
453.155	1186.000
453.136	1186.000
453.117	1181.000
453.098	1168.000
453.079	1179.000
453.060	1179.000
453.041	1182.000
453.022	1208.000
453.003	1194.000
452.984	1179.000
452.965	1201.000
452.946	1202.000
452.927	1170.000
452.908	1196.000
452.889	1192.000
452.870	1193.000
452.851	1190.000
452.832	1192.000
452.813	1200.000
452.794	1211.000
452.775	1204.000
452.756	1192.000
452.737	1192.000
452.718	1217.000
452.699	1179.000
452.680	1197.000
452.661	1196.000
452.642	1215.000
452.623	1206.000
452.604	1192.000
452.585	1215.000
452.566	1189.000
452.547	1214.000
452.528	1218.000
452.509	1215.000
452.490	1205.000
452.471	1205.000
452.452	1212.000
452.433	1199.000
452.414	1190.000
452.395	1210.000
452.376	1202.000
452.357	1234.000
452.338	1204.000
452.319	1230.000
452.300	1214.000
452.281	1212.000
452.262	1192.000
452.243	1208.000
452.224	1206.000
452.205	1210.000
452.186	1220.000
452.167	1212.000
452.148	1202.000
452.129	1195.000
452.110	1208.000
452.091	1196.000
452.072	1197.000
452.053	1209.000
452.034	1204.000
452.015	1219.000
451.996	1233.000
451.976	1214.000
451.957	1219.000
451.938	1222.000
451.919	1201.000
451.900	1220.000
451.881	1200.000
451.862	1220.000
451.843	1220.000
451.824	1207.000
451.805	1208.000
451.786	1228.000
451.767	1220.000
451.748	1224.000
451.729	1229.000
451.710	1202.000
451.691	1226.000
451.672	1217.000
451.653	1235.000
451.634	1227.000
451.615	1241.000
451.596	1244.000
451.577	1246.000
451.558	1238.000
451.539	1226.000
451.520	1209.000
451.501	1241.000
451.482	1233.000
451.463	1232.000
451.444	1223.000
451.425	1228.000
451.406	1232.000
451.387	1234.000
451.368	1222.000
451.349	1220.000
451.330	1238.000
451.311	1219.000
451.292	1239.000
451.273	1239.000
451.254	1241.000
451.235	1218.000
451.216	1245.000
451.197	1209.000
451.178	1241.000
451.159	1206.000
451.140	1253.000
451.120	1225.000
451.101	1234.000
451.082	1226.000
451.063	1243.000
451.044	1243.000
451.025	1253.000
451.006	1231.000
450.987	1244.000
450.968	1252.000
450.949	1228.000
450.930	1242.000
450.911	1228.000
450.892	1236.000
450.873	1241.000
450.854	1216.000
450.835	1243.000
450.816	1230.000
450.797	1241.000
450.778	1251.000
450.759	1251.000
450.740	1243.000
450.721	1263.000
450.702	1235.000
450.683	1244.000
450.664	1260.000
450.645	1245.000
450.626	1240.000
450.607	1246.000
450.588	1261.000
450.568	1212.000
450.549	1245.000
450.530	1235.000
450.511	1261.000
450.492	1252.000
450.473	1265.000
450.454	1254.000
450.435	1256.000
450.416	1255.000
450.397	1246.000
450.378	1242.000
450.359	1243.000
450.340	1249.000
450.321	1275.000
450.302	1267.000
450.283	1256.000
450.264	1255.000
450.245	1272.000
450.226	1248.000
450.207	1263.000
450.188	1260.000
450.169	1265.000
450.150	1254.000
450.131	1258.000
450.111	1241.000
450.092	1254.000
450.073	1269.000
450.054	1264.000
450.035	1258.000
450.016	1252.000
449.997	1245.000
449.978	1239.000
449.959	1254.000
449.940	1255.000
449.921	1262.000
449.902	1267.000
449.883	1261.000
449.864	1252.000
449.845	1257.000
449.826	1264.000
449.807	1273.000
449.788	1281.000
449.769	1287.000
449.750	1272.000
449.730	1256.000
449.711	1276.000
449.692	1246.000
449.673	1260.000
449.654	1277.000
449.635	1293.000
449.616	1264.000
449.597	1256.000
449.578	1305.000
449.559	1260.000
449.540	1262.000
449.521	1273.000
449.502	1259.000
449.483	1278.000
449.464	1260.000
449.445	1265.000
449.426	1275.000
449.407	1270.000
449.387	1281.000
449.368	1286.000
449.349	1275.000
449.330	1274.000
449.311	1258.000
449.292	1282.000
449.273	1268.000
449.254	1278.000
449.235	1260.000
449.216	1272.000
449.197	1253.000
449.178	1274.000
449.159	1277.000
449.140	1291.000
449.121	1295.000
449.102	1278.000
449.083	1283.000
449.063	1272.000
449.044	1289.000
449.025	1280.000
449.006	1296.000
448.987	1286.000
448.968	1291.000
448.949	1280.000
448.930	1297.000
448.911	1282.000
448.892	1305.000
448.873	1292.000
448.854	1297.000
448.835	1288.000
448.816	1295.000
448.797	1280.000
448.777	1286.000
448.758	1293.000
448.739	1273.000
448.720	1303.000
448.701	1280.000
448.682	1299.000
448.663	1279.000
448.644	1284.000
448.625	1280.000
448.606	1312.000
448.587	1288.000
448.568	1286.000
448.549	1300.000
448.530	1292.000
448.511	1264.000
448.491	1298.000
448.472	1298.000
448.453	1301.000
448.434	1291.000
448.415	1270.000
448.396	1309.000
448.377	1307.000
448.358	1298.000
448.339	1294.000
448.320	1286.000
448.301	1317.000
448.282	1296.000
448.263	1305.000
448.243	1316.000
448.224	1314.000
448.205	1305.000
448.186	1302.000
448.167	1325.000
448.148	1302.000
448.129	1308.000
448.110	1299.000
448.091	1317.000
448.072	1291.000
448.053	1299.000
448.034	1312.000
448.015	1283.000
447.995	1306.000
447.976	1295.000
447.957	1317.000
447.938	1309.000
447.919	1311.000
447.900	1303.000
447.881	1307.000
447.862	1325.000
447.843	1307.000
447.824	1333.000
447.805	1305.000
447.786	1317.000
447.766	1292.000
447.747	1299.000
447.728	1319.000
447.709	1316.000
447.690	1307.000
447.671	1302.000
447.652	1329.000
447.633	1307.000
447.614	1356.000
447.595	1301.000
447.576	1320.000
447.557	1284.000
447.537	1300.000
447.518	1294.000
447.499	1320.000
447.480	1316.000
447.461	1308.000
447.442	1299.000
447.423	1314.000
447.404	1304.000
447.385	1313.000
447.366	1334.000
447.347	1336.000
447.327	1327.000
447.308	1325.000
447.289	1319.000
447.270	1338.000
447.251	1319.000
447.232	1306.000
447.213	1349.000
447.194	1318.000
447.175	1315.000
447.156	1330.000
447.137	1342.000
447.117	1333.000
447.098	1299.000
447.079	1345.000
447.060	1333.000
447.041	1356.000
447.022	1333.000
447.003	1329.000
446.984	1357.000
446.965	1338.000
446.946	1318.000
446.926	1345.000
446.907	1334.000
446.888	1326.000
446.869	1340.000
446.850	1329.000
446.831	1303.000
446.812	1344.000
446.793	1319.000
446.774	1332.000
446.755	1341.000
446.736	1343.000
446.716	1348.000
446.697	1344.000
446.678	1333.000
446.659	1344.000
446.640	1334.000
446.621	1353.000
446.602	1321.000
446.583	1325.000
446.564	1354.000
446.544	1347.000
446.525	1313.000
446.506	1333.000
446.487	1322.000
446.468	1354.000
446.449	1323.000
446.430	1341.000
446.411	1363.000
446.392	1341.000
446.373	1350.000
446.353	1368.000
446.334	1366.000
446.315	1347.000
446.296	1333.000
446.277	1360.000
446.258	1381.000
446.239	1368.000
446.220	1366.000
446.201	1376.000
446.181	1366.000
446.162	1371.000
446.143	1361.000
446.124	1378.000
446.105	1360.000
446.086	1372.000
446.067	1405.000
446.048	1369.000
446.029	1374.000
446.009	1376.000
445.990	1396.000
445.971	1412.000
445.952	1426.000
445.933	1432.000
445.914	1438.000
445.895	1404.000
445.876	1449.000
445.857	1459.000
445.837	1469.000
445.818	1483.000
445.799	1531.000
445.780	1544.000
445.761	1575.000
445.742	1581.000
445.723	1620.000
445.704	1703.000
445.685	1752.000
445.665	1850.000
445.646	1963.000
445.627	2196.000
445.608	2374.000
445.589	2761.000
445.570	3117.000
445.551	3478.000
445.532	3852.000
445.512	3936.000
445.493	3808.000
445.474	3476.000
445.455	3017.000
445.436	2676.000
445.417	2363.000
445.398	2098.000
445.379	1955.000
445.360	1827.000
445.340	1783.000
445.321	1708.000
445.302	1619.000
445.283	1583.000
445.264	1545.000
445.245	1518.000
445.226	1506.000
445.207	1476.000
445.187	1448.000
445.168	1408.000
445.149	1453.000
445.130	1423.000
445.111	1415.000
445.092	1436.000
445.073	1382.000
445.054	1378.000
445.034	1384.000
445.015	1401.000
444.996	1368.000
444.977	1369.000
444.958	1352.000
444.939	1357.000
444.920	1338.000
444.901	1360.000
444.881	1368.000
444.862	1346.000
444.843	1347.000
444.824	1342.000
444.805	1342.000
444.786	1343.000
444.767	1334.000
444.747	1335.000
444.728	1327.000
444.709	1340.000
444.690	1345.000
444.671	1361.000
444.652	1326.000
444.633	1344.000
444.614	1325.000
444.594	1306.000
444.575	1328.000
444.556	1335.000
444.537	1318.000
444.518	1311.000
444.499	1335.000
444.480	1330.000
444.460	1320.000
444.441	1339.000
444.422	1320.000
444.403	1332.000
444.384	1308.000
444.365	1337.000
444.346	1329.000
444.327	1322.000
444.307	1312.000
444.288	1328.000
444.269	1322.000
444.250	1332.000
444.231	1313.000
444.212	1306.000
444.193	1328.000
444.173	1341.000
444.154	1317.000
444.135	1345.000
444.116	1321.000
444.097	1330.000
444.078	1306.000
444.059	1308.000
444.039	1340.000
444.020	1309.000
444.001	1312.000
443.982	1290.000
443.963	1317.000
443.944	1307.000
443.925	1313.000
443.905	1317.000
443.886	1305.000
443.867	1313.000
443.848	1308.000
443.829	1294.000
443.810	1327.000
443.791	1296.000
443.771	1321.000
443.752	1337.000
443.733	1344.000
443.714	1323.000
443.695	1322.000
443.676	1300.000
443.657	1318.000
443.637	1316.000
443.618	1342.000
443.599	1297.000
443.580	1306.000
443.561	1303.000
443.542	1329.000
443.522	1322.000
443.503	1308.000
443.484	1308.000
443.465	1305.000
443.446	1302.000
443.427	1320.000
443.408	1309.000
443.388	1322.000
443.369	1288.000
443.350	1325.000
443.331	1319.000
443.312	1281.000
443.293	1307.000
443.273	1303.000
443.254	1305.000
443.235	1314.000
443.216	1332.000
443.197	1285.000
443.178	1303.000
443.159	1320.000
443.139	1315.000
443.120	1312.000
443.101	1302.000
443.082	1313.000
443.063	1283.000
443.044	1319.000
443.024	1309.000
443.005	1285.000
442.986	1314.000
442.967	1270.000
442.948	1301.000
442.929	1288.000
442.910	1304.000
442.890	1305.000
442.871	1317.000
442.852	1311.000
442.833	1307.000
442.814	1293.000
442.795	1296.000
442.775	1321.000
442.756	1302.000
442.737	1292.000
442.718	1278.000
442.699	1298.000
442.680	1292.000
442.660	1296.000
442.641	1305.000
442.622	1300.000
442.603	1276.000
442.584	1295.000
442.565	1288.000
442.545	1286.000
442.526	1299.000
442.507	1293.000
442.488	1295.000
442.469	1303.000
442.450	1314.000
442.430	1280.000
442.411	1299.000
442.392	1306.000
442.373	1281.000
442.354	1271.000
442.335	1288.000
442.315	1281.000
442.296	1270.000
442.277	1274.000
442.258	1293.000
442.239	1295.000
442.220	1300.000
442.200	1307.000
442.181	1278.000
442.162	1302.000
442.143	1276.000
442.124	1284.000
442.105	1290.000
442.085	1288.000
442.066	1287.000
442.047	1278.000
442.028	1272.000
442.009	1291.000
441.990	1271.000
441.970	1272.000
441.951	1298.000
441.932	1292.000
441.913	1281.000
441.894	1286.000
441.874	1290.000
441.855	1269.000
441.836	1286.000
441.817	1311.000
441.798	1297.000
441.779	1301.000
441.759	1275.000
441.740	1272.000
441.721	1283.000
441.702	1277.000
441.683	1293.000
441.664	1264.000
441.644	1274.000
441.625	1274.000
441.606	1265.000
441.587	1267.000
441.568	1298.000
441.548	1282.000
441.529	1262.000
441.510	1267.000
441.491	1284.000
441.472	1273.000
441.453	1265.000
441.433	1277.000
441.414	1272.000
441.395	1270.000
441.376	1265.000
441.357	1272.000
441.337	1255.000
441.318	1263.000
441.299	1270.000
441.280	1263.000
441.261	1286.000
441.241	1278.000
441.222	1262.000
441.203	1277.000
441.184	1251.000
441.165	1265.000
441.146	1283.000
441.126	1268.000
441.107	1267.000
441.088	1260.000
441.069	1241.000
441.050	1261.000
441.030	1271.000
441.011	1261.000
440.992	1250.000
440.973	1286.000
440.954	1257.000
440.934	1251.000
440.915	1256.000
440.896	1274.000
440.877	1257.000
440.858	1249.000
440.839	1278.000
440.819	1254.000
440.800	1257.000
440.781	1251.000
440.762	1228.000
440.743	1247.000
440.723	1259.000
440.704	1253.000
440.685	1284.000
440.666	1270.000
440.647	1259.000
440.627	1261.000
440.608	1243.000
440.589	1248.000
440.570	1261.000
440.551	1244.000
440.531	1244.000
440.512	1251.000
440.493	1242.000
440.474	1272.000
440.455	1261.000
440.435	1247.000
440.416	1255.000
440.397	1248.000
440.378	1254.000
440.359	1247.000
440.339	1236.000
440.320	1261.000
440.301	1261.000
440.282	1237.000
440.263	1240.000
440.243	1241.000
440.224	1247.000
440.205	1250.000
440.186	1236.000
440.167	1247.000
440.147	1238.000
440.128	1238.000
440.109	1258.000
440.090	1231.000
440.071	1232.000
440.051	1268.000
440.032	1224.000
440.013	1249.000
439.994	1234.000
439.975	1261.000
439.955	1225.000
439.936	1255.000
439.917	1227.000
439.898	1209.000
439.879	1216.000
439.859	1229.000
439.840	1230.000
439.821	1225.000
439.802	1260.000
439.783	1251.000
439.763	1243.000
439.744	1236.000
439.725	1260.000
439.706	1244.000
439.687	1251.000
439.667	1244.000
439.648	1239.000
439.629	1238.000
439.610	1256.000
439.590	1231.000
439.571	1230.000
439.552	1240.000
439.533	1231.000
439.514	1221.000
439.494	1226.000
439.475	1235.000
439.456	1245.000
439.437	1216.000
439.418	1219.000
439.398	1229.000
439.379	1225.000
439.360	1220.000
439.341	1220.000
439.322	1210.000
439.302	1215.000
439.283	1247.000
439.264	1232.000
439.245	1198.000
439.225	1234.000
439.206	1200.000
439.187	1234.000
439.168	1218.000
439.149	1217.000
439.129	1211.000
439.110	1212.000
439.091	1216.000
439.072	1211.000
439.052	1217.000
439.033	1225.000
439.014	1206.000
438.995	1232.000
438.976	1203.000
438.956	1204.000
438.937	1201.000
438.918	1197.000
438.899	1227.000
438.879	1222.000
438.860	1228.000
438.841	1208.000
438.822	1227.000
438.803	1216.000
438.783	1227.000
438.764	1222.000
438.745	1236.000
438.726	1233.000
438.706	1207.000
438.687	1224.000
438.668	1198.000
438.649	1215.000
438.630	1211.000
438.610	1228.000
438.591	1227.000
438.572	1199.000
438.553	1209.000
438.533	1214.000
438.514	1214.000
438.495	1186.000
438.476	1190.000
438.457	1210.000
438.437	1205.000
438.418	1203.000
438.399	1205.000
438.380	1192.000
438.360	1218.000
438.341	1200.000
438.322	1210.000
438.303	1201.000
438.283	1213.000
438.264	1184.000
438.245	1198.000
438.226	1206.000
438.207	1208.000
438.187	1191.000
438.168	1199.000
438.149	1206.000
438.130	1207.000
438.110	1199.000
438.091	1198.000
438.072	1187.000
438.053	1185.000
438.033	1180.000
438.014	1209.000
437.995	1212.000
437.976	1194.000
437.957	1193.000
437.937	1196.000
437.918	1186.000
437.899	1203.000
437.880	1198.000
437.860	1191.000
437.841	1196.000
437.822	1203.000
437.803	1196.000
437.783	1203.000
437.764	1188.000
437.745	1184.000
437.726	1205.000
437.706	1186.000
437.687	1184.000
437.668	1185.000
437.649	1186.000
437.630	1188.000
437.610	1220.000
437.591	1240.000
437.572	1241.000
437.553	1213.000
437.533	1210.000
437.514	1198.000
437.495	1184.000
437.476	1184.000
437.456	1182.000
437.437	1197.000
437.418	1177.000
437.399	1198.000
437.379	1188.000
437.360	1172.000
437.341	1200.000
437.322	1183.000
437.302	1188.000
437.283	1161.000
437.264	1179.000
437.245	1179.000
437.225	1188.000
437.206	1195.000
437.187	1188.000
437.168	1183.000
437.148	1182.000
437.129	1167.000
437.110	1185.000
437.091	1171.000
437.071	1160.000
437.052	1178.000
437.033	1183.000
437.014	1191.000
436.994	1186.000
436.975	1155.000
436.956	1173.000
436.937	1186.000
436.917	1176.000
436.898	1181.000
436.879	1156.000
436.860	1171.000
436.840	1161.000
436.821	1191.000
436.802	1179.000
436.783	1188.000
436.763	1183.000
436.744	1244.000
436.725	1214.000
436.706	1208.000
436.686	1213.000
436.667	1199.000
436.648	1191.000
436.629	1177.000
436.609	1145.000
436.590	1149.000
436.571	1179.000
436.552	1164.000
436.532	1185.000
436.513	1162.000
436.494	1175.000
436.475	1163.000
436.455	1137.000
436.436	1166.000
436.417	1153.000
436.398	1182.000
436.378	1150.000
436.359	1145.000
436.340	1159.000
436.321	1159.000
436.301	1151.000
436.282	1167.000
436.263	1177.000
436.243	1171.000
436.224	1153.000
436.205	1154.000
436.186	1155.000
436.166	1155.000
436.147	1163.000
436.128	1152.000
436.109	1166.000
436.089	1174.000
436.070	1174.000
436.051	1161.000
436.032	1149.000
436.012	1143.000
435.993	1156.000
435.974	1162.000
435.955	1134.000
435.935	1159.000
435.916	1135.000
435.897	1152.000
435.877	1147.000
435.858	1163.000
435.839	1143.000
435.820	1174.000
435.800	1138.000
435.781	1156.000
435.762	1152.000
435.743	1142.000
435.723	1152.000
435.704	1129.000
435.685	1161.000
435.666	1144.000
435.646	1148.000
435.627	1146.000
435.608	1169.000
435.588	1151.000
435.569	1157.000
435.550	1142.000
435.531	1148.000
435.511	1141.000
435.492	1162.000
435.473	1141.000
435.454	1134.000
435.434	1144.000
435.415	1140.000
435.396	1152.000
435.376	1130.000
435.357	1140.000
435.338	1146.000
435.319	1143.000
435.299	1137.000
435.280	1133.000
435.261	1129.000
435.242	1133.000
435.222	1136.000
435.203	1144.000
435.184	1139.000
435.164	1130.000
435.145	1137.000
435.126	1136.000
435.107	1134.000
435.087	1145.000
435.068	1137.000
435.049	1136.000
435.030	1138.000
435.010	1144.000
434.991	1149.000
434.972	1127.000
434.952	1129.000
434.933	1119.000
434.914	1148.000
434.895	1135.000
434.875	1131.000
434.856	1149.000
434.837	1214.000
434.817	1188.000
434.798	1169.000
434.779	1129.000
434.760	1122.000
434.740	1142.000
434.721	1120.000
434.702	1126.000
434.682	1136.000
434.663	1144.000
434.644	1134.000
434.625	1126.000
434.605	1116.000
434.586	1124.000
434.567	1118.000
434.547	1125.000
434.528	1122.000
434.509	1127.000
434.490	1126.000
434.470	1125.000
434.451	1155.000
434.432	1233.000
434.412	1410.000
434.393	1384.000
434.374	1235.000
434.355	1153.000
434.335	1134.000
434.316	1130.000
434.297	1135.000
434.277	1130.000
434.258	1116.000
434.239	1112.000
434.220	1115.000
434.200	1126.000
434.181	1120.000
434.162	1111.000
434.142	1113.000
434.123	1126.000
434.104	1127.000
434.085	1104.000
434.065	1110.000
434.046	1131.000
434.027	1097.000
434.007	1118.000
433.988	1106.000
433.969	1127.000
433.949	1111.000
433.930	1133.000
433.911	1116.000
433.892	1110.000
433.872	1116.000
433.853	1095.000
433.834	1121.000
433.814	1122.000
433.795	1112.000
433.776	1129.000
433.757	1118.000
433.737	1109.000
433.718	1125.000
433.699	1125.000
433.679	1103.000
433.660	1110.000
433.641	1113.000
433.621	1121.000
433.602	1112.000
433.583	1124.000
433.564	1103.000
433.544	1112.000
433.525	1100.000
433.506	1103.000
433.486	1129.000
433.467	1109.000
433.448	1128.000
433.428	1117.000
433.409	1100.000
433.390	1123.000
433.371	1095.000
433.351	1118.000
433.332	1112.000
433.313	1109.000
433.293	1104.000
433.274	1110.000
433.255	1110.000
433.235	1108.000
433.216	1106.000
433.197	1096.000
433.177	1112.000
433.158	1111.000
433.139	1100.000
433.120	1103.000
433.100	1095.000
433.081	1098.000
433.062	1102.000
433.042	1094.000
433.023	1092.000
433.004	1105.000
432.984	1104.000
432.965	1095.000
432.946	1093.000
432.927	1099.000
432.907	1111.000
432.888	1089.000
432.869	1096.000
432.849	1102.000
432.830	1106.000
432.811	1170.000
432.791	1164.000
432.772	1131.000
432.753	1143.000
432.733	1257.000
432.714	1384.000
432.695	1290.000
432.675	1177.000
432.656	1113.000
432.637	1091.000
432.618	1086.000
432.598	1092.000
432.579	1076.000
432.560	1102.000
432.540	1107.000
432.521	1106.000
432.502	1103.000
432.482	1089.000
432.463	1098.000
432.444	1087.000
432.424	1096.000
432.405	1088.000
432.386	1093.000
432.366	1081.000
432.347	1085.000
432.328	1101.000
432.308	1079.000
432.289	1090.000
432.270	1071.000
432.251	1099.000
432.231	1080.000
432.212	1084.000
432.193	1089.000
432.173	1081.000
432.154	1069.000
432.135	1086.000
432.115	1091.000
432.096	1087.000
432.077	1067.000
432.057	1082.000
432.038	1074.000
432.019	1082.000
431.999	1083.000
431.980	1079.000
431.961	1064.000
431.941	1082.000
431.922	1072.000
431.903	1088.000
431.883	1082.000
431.864	1070.000
431.845	1083.000
431.825	1064.000
431.806	1082.000
431.787	1077.000
431.767	1087.000
431.748	1079.000
431.729	1076.000
431.709	1067.000
431.690	1073.000
431.671	1077.000
431.652	1072.000
431.632	1081.000
431.613	1079.000
431.594	1056.000
431.574	1060.000
431.555	1079.000
431.536	1080.000
431.516	1081.000
431.497	1075.000
431.478	1070.000
431.458	1077.000
431.439	1073.000
431.420	1073.000
431.400	1073.000
431.381	1049.000
431.362	1073.000
431.342	1076.000
431.323	1072.000
431.304	1063.000
431.284	1076.000
431.265	1079.000
431.246	1075.000
431.226	1071.000
431.207	1066.000
431.188	1059.000
431.168	1065.000
431.149	1080.000
431.130	1064.000
431.110	1052.000
431.091	1064.000
431.072	1059.000
431.052	1074.000
431.033	1063.000
431.014	1058.000
430.994	1073.000
430.975	1052.000
430.956	1071.000
430.936	1061.000
430.917	1077.000
430.898	1070.000
430.878	1066.000
430.859	1060.000
430.840	1070.000
430.820	1056.000
430.801	1053.000
430.781	1070.000
430.762	1065.000
430.743	1054.000
430.723	1067.000
430.704	1066.000
430.685	1062.000
430.665	1058.000
430.646	1061.000
430.627	1061.000
430.607	1060.000
430.588	1055.000
430.569	1070.000
430.549	1067.000
430.530	1078.000
430.511	1090.000
430.491	1090.000
430.472	1073.000
430.453	1060.000
430.433	1063.000
430.414	1074.000
430.395	1070.000
430.375	1064.000
430.356	1049.000
430.337	1054.000
430.317	1051.000
430.298	1061.000
430.279	1048.000
430.259	1062.000
430.240	1065.000
430.221	1058.000
430.201	1069.000
430.182	1074.000
430.162	1061.000
430.143	1056.000
430.124	1083.000
430.104	1051.000
430.085	1054.000
430.066	1069.000
